------- ZILLOW_ZHVI --------



61|10463|New York|NY|248794.0|252739.0|252755.0|250890.0|250375.0|252516.0|257253.0|258275.0|259647.0|257070.0|259310.0|260107.0|262543.0|264208.0|265967.0|269914.0|273551.0|278006.0|278405.0|279068.0|278723.0|280825.0|282353.0|284612.0|285697.0|287349.0|287161.0|283661.0|278960.0|272833.0|272790.0|274979.0|280083.0|283829.0|283771.0|281209.0|274925.0|267390.0|263156.0|264185.0|269255.0|275545.0|277865.0|279184.0|277594.0|279892.0|283646.0|286061.0|290123.0|296422.0|304488.0|308388.0|309831.0|311146.0|313978.0|316982.0|321538.0|323381.0|326134.0|331425.0|337676.0
2018|91606|Los Angeles|CA|472196.0|476710.0|480036.0|481015.0|483290.0|485862.0|489425.0|494157.0|498434.0|503181.0|505827.0|509527.0|511176.0|514587.0|517502.0|523573.0|527415.0|530942.0|530747.0|531372.0|533622.0|538362.0|541805.0|544423.0|548643.0|552922.0|557276.0|559420.0|562850.0|565219.0|570593.0|576276.0|582038.0|586042.0|592857.0|599179.0|604892.0|610780.0|618560.0|625414.0|629826.0|633455.0|636609.0|638547.0|639221.0|641700.0|643921.0|645199.0|645415.0|643446.0|641666.0|641108.0|642256.0|644615.0|646585.0|649094.0|652204.0|654359.0|655784.0|658556.0|662443.0
56|60625|Chicago|IL|323587.0|323499.0|324001.0|325312.0|326465.0|326480.0|327503.0|328664.0|329701.0|329969.0|330582.0|332679.0|334920.0|338539.0|340569.0|342374.0|343036.0|344415.0|346051.0|348132.0|349519.0|351407.0|353350.0|353244.0|353383.0|352323.0|354283.0|355699.0|357558.0|358797.0|359693.0|360719.0|362022.0|363326.0|364339.0|366467.0|369467.0|371983.0|372227.0|371733.0|370959.0|370282.0|369073.0|367906.0|367300.0|366545.0|366431.0|365237.0|363219.0|361389.0|360646.0|360429.0|360355.0|360313.0|360670.0|360792.0|360496.0|360241.0|359678.0|359798.0|360149.0
918|11224|New York|NY|375939.0|378222.0|380577.0|383463.0|384492.0|384837.0|384559.0|384279.0|387256.0|388747.0|392257.0|395385.0|397728.0|398768.0|400967.0|403129.0|407842.0|411504.0|415492.0|417676.0|418553.0|419771.0|420215.0|421373.0|424556.0|427319.0|429841.0|432298.0|434448.0|435838.0|435688.0|437511.0|437990.0|440679.0|440774.0|443650.0|442237.0|441530.0|437677.0|435600.0|434525.0|435163.0|435325.0|437669.0|440216.0|440774.0|440251.0|441396.0|442573.0|442721.0|442207.0|443158.0|442816.0|441664.0|441482.0|439024.0|437124.0|435561.0|436017.0|433674.0|432667.0
8052|10470|New York|NY|274885.0|277021.0|276561.0|278152.0|281534.0|286334.0|289311.0|289796.0|289779.0|288778.0|289332.0|288757.0|286016.0|284666.0|285072.0|287455.0|288068.0|288736.0|289458.0|291729.0|294164.0|298333.0|301625.0|305310.0|307630.0|310476.0|311364.0|311782.0|311900.0|314236.0|316976.0|320181.0|323883.0|325448.0|325654.0|325495.0|327497.0|326544.0|328380.0|329123.0|334334.0|335378.0|336367.0|336017.0|335683.0|335090.0|337233.0|338346.0|341119.0|344651.0|347648.0|350862.0|351313.0|354165.0|357139.0|360888.0|364592.0|369482.0|373214.0|378166.0|381274.0
203|60634|Chicago|IL|236282.0|235864.0|236271.0|238352.0|240460.0|241371.0|241972.0|242465.0|242535.0|242157.0|242427.0|243583.0|244904.0|246787.0|248130.0|248980.0|249016.0|249529.0|250617.0|251891.0|252780.0|254213.0|255844.0|257194.0|258575.0|259854.0|261999.0|263415.0|264525.0|265037.0|265554.0|266603.0|268244.0|269230.0|269902.0|270920.0|272516.0|273173.0|272326.0|272102.0|272769.0|273840.0|273923.0|273898.0|274402.0|275303.0|275730.0|275498.0|275039.0|275267.0|276204.0|276694.0|276663.0|276362.0|276504.0|276238.0|275203.0|273906.0|272886.0|272033.0|270864.0
3379|78705|Austin|TX|273584.0|275303.0|276511.0|277015.0|277750.0|279317.0|282113.0|284896.0|286776.0|287726.0|288436.0|290311.0|292890.0|294807.0|296321.0|297622.0|299088.0|300104.0|300986.0|301013.0|301566.0|302746.0|305088.0|306529.0|306572.0|306988.0|308263.0|310479.0|312006.0|312898.0|313336.0|313885.0|315154.0|316667.0|318160.0|319423.0|320593.0|321576.0|322590.0|323092.0|324110.0|325987.0|327916.0|330218.0|330512.0|330949.0|330065.0|330273.0|330878.0|332147.0|332638.0|333002.0|333243.0|333175.0|333240.0|333114.0|334039.0|334588.0|335853.0|336504.0|337118.0
2217|10035|New York|NY|592029.0|589209.0|593445.0|593753.0|595231.0|596954.0|604745.0|617249.0|623561.0|624189.0|625203.0|632447.0|641445.0|648439.0|652171.0|658416.0|663939.0|669676.0|670932.0|670403.0|671123.0|673674.0|678007.0|685406.0|688910.0|692006.0|692918.0|693582.0|697443.0|705024.0|718116.0|720513.0|720550.0|718239.0|720669.0|719439.0|723721.0|728810.0|730871.0|726250.0|718332.0|708200.0|699094.0|694275.0|695552.0|694786.0|694054.0|692447.0|683741.0|672443.0|661878.0|660405.0|659566.0|658546.0|655126.0|653679.0|649176.0|647266.0|643435.0|641508.0|643280.0
181|11373|New York|NY|301603.0|302963.0|304173.0|305925.0|308001.0|310972.0|312974.0|314796.0|315829.0|317269.0|318671.0|320809.0|324270.0|328245.0|330850.0|333756.0|336690.0|340456.0|343762.0|346319.0|349541.0|352015.0|354877.0|356767.0|358830.0|359875.0|362765.0|364521.0|366372.0|365697.0|367338.0|371148.0|375487.0|381171.0|385612.0|389015.0|390894.0|392271.0|394587.0|397128.0|399617.0|402968.0|406002.0|407368.0|408007.0|406347.0|405532.0|405459.0|405527.0|406736.0|406269.0|405969.0|405408.0|405093.0|403822.0|402691.0|401547.0|401428.0|401035.0|400548.0|400421.0
4778|80249|Denver|CO|242595.0|246152.0|249897.0|253174.0|255492.0|257986.0|261603.0|265895.0|270155.0|273854.0|277252.0|280298.0|282852.0|284992.0|286243.0|288052.0|289954.0|293149.0|295622.0|298176.0|300143.0|302122.0|303922.0|305714.0|308413.0|312042.0|316306.0|318943.0|321135.0|322899.0|325006.0|326455.0|327612.0|329297.0|331723.0|334438.0|337277.0|339876.0|343261.0|346964.0|350817.0|353246.0|355079.0|356363.0|358210.0|360171.0|361918.0|363167.0|363538.0|363548.0|362733.0|362327.0|361964.0|362529.0|363397.0|364865.0|366066.0|366809.0|367297.0|367982.0|369076.0
3140|91326|Los Angeles|CA|663011.0|667528.0|671658.0|671587.0|673661.0|676242.0|680010.0|682960.0|685506.0|689033.0|692335.0|698083.0|699939.0|702078.0|702414.0|708382.0|711437.0|714401.0|712541.0|713964.0|716653.0|721205.0|722158.0|722227.0|725039.0|727758.0|731133.0|732276.0|736318.0|739731.0|744628.0|748137.0|751080.0|753172.0|758260.0|762944.0|766967.0|772315.0|778349.0|783080.0|783965.0|783902.0|785482.0|785864.0|785929.0|785594.0|786460.0|786158.0|786049.0|783149.0|781570.0|780694.0|781987.0|784434.0|786055.0|788743.0|791894.0|795603.0|798032.0|802073.0|806309.0
5337|11378|New York|NY|545945.0|549412.0|552916.0|557362.0|562049.0|569077.0|574730.0|579545.0|580786.0|582419.0|583028.0|585470.0|589401.0|595100.0|599261.0|603387.0|607704.0|611648.0|616652.0|620215.0|626504.0|631918.0|638897.0|644000.0|648394.0|651366.0|654404.0|658241.0|663043.0|667328.0|669898.0|673225.0|677032.0|684014.0|687822.0|690030.0|690959.0|693398.0|697353.0|701976.0|706868.0|712151.0|715679.0|719379.0|721808.0|722925.0|725480.0|728022.0|729220.0|729053.0|728624.0|727920.0|726257.0|724485.0|724806.0|724966.0|725323.0|725144.0|725015.0|725915.0|728485.0
11852|11363|New York|NY|813126.0|818740.0|822008.0|825236.0|829365.0|836010.0|842415.0|848580.0|851454.0|855428.0|859118.0|859959.0|858800.0|858497.0|860852.0|866790.0|871252.0|874820.0|876528.0|878702.0|883750.0|890637.0|897354.0|904587.0|909470.0|911080.0|912124.0|913160.0|917712.0|923390.0|928952.0|934407.0|936454.0|936287.0|934482.0|932070.0|934025.0|938126.0|943447.0|948044.0|950321.0|952534.0|956207.0|958858.0|962685.0|962851.0|965715.0|965741.0|965209.0|962974.0|960524.0|957231.0|953885.0|949884.0|944977.0|940422.0|935701.0|933817.0|930214.0|928389.0|924880.0
7047|78737|Austin|TX|402692.0|406267.0|410432.0|413444.0|414288.0|414894.0|416219.0|417536.0|420005.0|422821.0|427113.0|430063.0|431591.0|432636.0|433715.0|435859.0|438852.0|441586.0|443736.0|445428.0|446127.0|446649.0|446443.0|447721.0|449187.0|450483.0|451307.0|452574.0|454897.0|457229.0|458161.0|458810.0|460553.0|462891.0|465529.0|466142.0|466341.0|466353.0|468384.0|470556.0|472244.0|473445.0|474351.0|475608.0|476968.0|479490.0|481754.0|483235.0|485881.0|488918.0|491656.0|492999.0|494020.0|495409.0|497751.0|499951.0|501569.0|501849.0|502122.0|503578.0|504170.0
667|91331|Los Angeles|CA|364566.0|367976.0|371480.0|372650.0|375008.0|377136.0|379913.0|382201.0|384833.0|387930.0|391096.0|395471.0|398000.0|401200.0|403296.0|408448.0|411652.0|414700.0|416232.0|418522.0|421829.0|425570.0|428134.0|429748.0|432010.0|434096.0|436784.0|438187.0|440990.0|443938.0|447929.0|451600.0|454361.0|456417.0|460094.0|463939.0|468114.0|472969.0|478516.0|482888.0|485864.0|488263.0|492175.0|494614.0|496971.0|497720.0|498501.0|497464.0|496416.0|494108.0|492392.0|491776.0|492174.0|493291.0|493421.0|495013.0|497254.0|501341.0|505304.0|511277.0|517645.0
184|60620|Chicago|IL|99718.0|99235.0|99585.0|99503.0|100199.0|100016.0|101194.0|103138.0|105199.0|106112.0|106854.0|107392.0|107860.0|108908.0|109546.0|110861.0|111465.0|113037.0|113931.0|113965.0|113300.0|113617.0|114294.0|115708.0|116940.0|118109.0|118841.0|119476.0|119966.0|120275.0|120596.0|122234.0|124412.0|126139.0|126434.0|126633.0|127007.0|127337.0|127072.0|127494.0|128235.0|129030.0|129530.0|129202.0|128937.0|128129.0|128521.0|128328.0|128142.0|127830.0|128395.0|128306.0|128180.0|127932.0|128028.0|128259.0|128344.0|128902.0|129220.0|129893.0|130542.0
29|10011|New York|NY|1116381.0|1130292.0|1139341.0|1144334.0|1146461.0|1152055.0|1160115.0|1167844.0|1174982.0|1180246.0|1191534.0|1199119.0|1198160.0|1191156.0|1186958.0|1189806.0|1191143.0|1191190.0|1188695.0|1187717.0|1183825.0|1180058.0|1174241.0|1171822.0|1169374.0|1168443.0|1165724.0|1164389.0|1163225.0|1161703.0|1157522.0|1150011.0|1148920.0|1142667.0|1129963.0|1116225.0|1111302.0|1121631.0|1134357.0|1145617.0|1138935.0|1128850.0|1122344.0|1129407.0|1134989.0|1145833.0|1158130.0|1159558.0|1154494.0|1139587.0|1128009.0|1111451.0|1107142.0|1104532.0|1099631.0|1084751.0|1067127.0|1046664.0|1026867.0|1012991.0|998882.0
579|11354|New York|NY|314872.0|315516.0|316435.0|318318.0|320559.0|324188.0|327201.0|329769.0|331003.0|333036.0|335653.0|338767.0|341591.0|344177.0|345847.0|348298.0|351014.0|353821.0|357036.0|359508.0|362251.0|363915.0|366059.0|368707.0|372002.0|375224.0|379064.0|382102.0|385418.0|387390.0|389482.0|392765.0|396933.0|401666.0|404298.0|405900.0|407555.0|409856.0|413501.0|417677.0|421984.0|426131.0|429481.0|431430.0|432586.0|433175.0|434613.0|435662.0|436995.0|438122.0|438236.0|437390.0|436068.0|435393.0|435044.0|435124.0|435090.0|435128.0|435179.0|435627.0|435443.0
314|11223|New York|NY|607770.0|609265.0|610368.0|613601.0|619828.0|625733.0|630805.0|635399.0|641872.0|649436.0|656912.0|662901.0|665891.0|668499.0|672520.0|676251.0|678167.0|679017.0|680129.0|684014.0|685942.0|686673.0|687954.0|692154.0|699516.0|707570.0|714325.0|720986.0|725814.0|730972.0|735575.0|737704.0|743654.0|749905.0|757969.0|762521.0|765958.0|767947.0|768240.0|769788.0|773387.0|777677.0|779815.0|783516.0|785324.0|788298.0|788951.0|791285.0|791827.0|792428.0|793779.0|795047.0|795600.0|795332.0|796663.0|797145.0|797213.0|796191.0|795635.0|794701.0|794764.0
4447|60636|Chicago|IL|44364.0|44800.0|44547.0|44313.0|44111.0|45050.0|45782.0|46311.0|46171.0|46059.0|46375.0|46876.0|46831.0|46614.0|46330.0|46191.0|45996.0|45851.0|45509.0|45334.0|45506.0|46121.0|46283.0|46210.0|46497.0|46943.0|47837.0|48679.0|49880.0|50153.0|50433.0|50454.0|50158.0|49999.0|49738.0|50387.0|50784.0|51332.0|52016.0|52977.0|54333.0|55440.0|56862.0|57632.0|58889.0|60039.0|60998.0|61829.0|61445.0|61482.0|60674.0|60185.0|59207.0|58973.0|58635.0|58978.0|59096.0|59151.0|59507.0|59569.0|60658.0
1753|2130|Boston|MA|490288.0|492800.0|493118.0|495659.0|501190.0|505619.0|511644.0|516327.0|523188.0|526359.0|530273.0|535047.0|542816.0|545248.0|547833.0|546388.0|548226.0|550418.0|551735.0|553454.0|554694.0|558227.0|563216.0|566050.0|567452.0|571838.0|577690.0|585754.0|588398.0|590274.0|592586.0|597147.0|600407.0|602945.0|604838.0|606880.0|609397.0|613405.0|617990.0|620278.0|621570.0|623899.0|628370.0|631893.0|634985.0|637286.0|641076.0|644721.0|646271.0|644169.0|641578.0|641480.0|644032.0|646078.0|646391.0|646251.0|647097.0|648530.0|648841.0|649723.0|652256.0
1604|78744|Austin|TX|162748.0|163717.0|164988.0|166994.0|168840.0|170647.0|173038.0|175983.0|178941.0|181776.0|183661.0|186559.0|189989.0|192802.0|194875.0|195724.0|196821.0|197714.0|198842.0|198538.0|198205.0|197999.0|199337.0|200373.0|200531.0|201329.0|202883.0|205644.0|207417.0|208568.0|208979.0|210042.0|211785.0|213758.0|215567.0|216690.0|217788.0|218150.0|218881.0|219015.0|220316.0|222016.0|224055.0|226269.0|227308.0|228812.0|229203.0|230590.0|231815.0|233843.0|235002.0|236289.0|237075.0|237875.0|238684.0|239283.0|240415.0|240972.0|242100.0|242755.0|243650.0
1367|90018|Los Angeles|CA|435599.0|437936.0|441984.0|445983.0|452550.0|457559.0|461686.0|467664.0|474664.0|483400.0|487802.0|495110.0|500950.0|509744.0|515904.0|524536.0|530324.0|537411.0|544413.0|553625.0|563882.0|573940.0|581547.0|587535.0|593373.0|599141.0|605514.0|610507.0|616841.0|622063.0|629151.0|633297.0|637454.0|638451.0|644079.0|650657.0|658714.0|667279.0|675500.0|682584.0|687435.0|692593.0|693797.0|695684.0|695575.0|699591.0|703069.0|706070.0|708950.0|708822.0|708941.0|710361.0|713330.0|716207.0|720994.0|725949.0|732024.0|736525.0|739771.0|743232.0|746214.0
3928|37215|Nashville|TN|558578.0|561773.0|564114.0|567024.0|571361.0|575571.0|579882.0|584394.0|589770.0|594659.0|601751.0|606187.0|611982.0|617369.0|623872.0|628787.0|631287.0|633316.0|636387.0|639169.0|641868.0|644786.0|646040.0|649011.0|649569.0|651045.0|653997.0|660080.0|665714.0|669409.0|671386.0|674267.0|677136.0|679786.0|683298.0|687332.0|692364.0|694333.0|694076.0|691965.0|690675.0|690077.0|690744.0|691866.0|693348.0|693584.0|692897.0|691899.0|691489.0|693761.0|696051.0|698463.0|700979.0|704045.0|706772.0|708809.0|710664.0|713695.0|717460.0|721109.0|724448.0
5942|98108|Seattle|WA|361769.0|365073.0|369505.0|372785.0|377561.0|380643.0|386110.0|393264.0|399985.0|404877.0|409905.0|414773.0|418283.0|423441.0|429904.0|437654.0|443604.0|448820.0|453089.0|455486.0|459371.0|463320.0|469596.0|476354.0|482883.0|487760.0|490915.0|496434.0|504868.0|515372.0|526086.0|535770.0|543490.0|552190.0|556780.0|563044.0|570088.0|582396.0|591508.0|597680.0|599458.0|601224.0|599806.0|598210.0|598331.0|598782.0|597121.0|591633.0|586132.0|580201.0|577640.0|574474.0|573510.0|571894.0|572847.0|575077.0|576907.0|578399.0|583271.0|590586.0|598338.0
1700|11435|New York|NY|253337.0|254705.0|256140.0|258270.0|260560.0|263210.0|265145.0|267044.0|268246.0|270150.0|272365.0|273819.0|274460.0|275292.0|277128.0|279765.0|281898.0|283709.0|285639.0|287091.0|289052.0|290725.0|293177.0|294855.0|296747.0|296899.0|296288.0|294598.0|295316.0|296808.0|298715.0|300763.0|303118.0|305539.0|306365.0|307891.0|309426.0|313669.0|316728.0|320046.0|319619.0|319030.0|320000.0|322354.0|325303.0|326599.0|327504.0|329203.0|330890.0|332056.0|333177.0|334452.0|337344.0|339821.0|340570.0|340032.0|338527.0|338135.0|338467.0|337759.0|336723.0
2455|90744|Los Angeles|CA|356740.0|359574.0|362135.0|362414.0|363262.0|364495.0|365898.0|366533.0|367081.0|368467.0|370452.0|373297.0|374996.0|377442.0|378835.0|382973.0|385815.0|388895.0|389835.0|391996.0|395130.0|399702.0|403195.0|405437.0|407751.0|409130.0|411500.0|412755.0|415662.0|417869.0|421722.0|425324.0|428256.0|430141.0|433585.0|437875.0|442188.0|446708.0|451218.0|455230.0|457659.0|460146.0|463762.0|466591.0|467847.0|468021.0|467631.0|467074.0|466905.0|466364.0|466517.0|466487.0|467166.0|468146.0|467965.0|468301.0|470012.0|472819.0|475595.0|478481.0|481239.0
118|11234|New York|NY|490126.0|490760.0|492127.0|495013.0|498227.0|501903.0|504785.0|507306.0|511543.0|515316.0|520710.0|522966.0|525475.0|526890.0|529545.0|531401.0|532236.0|532448.0|534106.0|536600.0|537747.0|538191.0|538815.0|542386.0|547206.0|551107.0|554161.0|556398.0|560053.0|563334.0|566227.0|569790.0|573564.0|579122.0|583317.0|588628.0|591920.0|596153.0|599699.0|602584.0|605860.0|609300.0|612425.0|615438.0|618015.0|620958.0|623507.0|624741.0|625790.0|625853.0|625995.0|627413.0|627547.0|627418.0|626966.0|625650.0|624355.0|621594.0|619303.0|616424.0|613894.0
6014|2114|Boston|MA|601608.0|604690.0|605800.0|609379.0|615298.0|619522.0|625613.0|630889.0|637441.0|639420.0|642091.0|646166.0|654788.0|658352.0|662009.0|660042.0|661598.0|662771.0|663624.0|664959.0|667318.0|672591.0|678708.0|681994.0|682154.0|685387.0|688189.0|694697.0|696323.0|699560.0|701938.0|705784.0|706676.0|706684.0|705111.0|704842.0|705740.0|708369.0|713167.0|714095.0|713818.0|712602.0|715740.0|718218.0|719637.0|719928.0|722176.0|723989.0|724564.0|721630.0|718317.0|717479.0|719075.0|720718.0|719533.0|718073.0|718539.0|719835.0|720282.0|721097.0|722892.0
9|60640|Chicago|IL|265211.0|265390.0|265681.0|266894.0|267912.0|268022.0|268324.0|268768.0|269130.0|268947.0|268827.0|269548.0|270252.0|272218.0|273312.0|274539.0|275090.0|276204.0|277784.0|279449.0|280625.0|282338.0|284221.0|285493.0|286581.0|286874.0|288656.0|289823.0|290684.0|290951.0|291044.0|291563.0|292395.0|292295.0|292010.0|292366.0|295507.0|298061.0|298583.0|297365.0|296904.0|297363.0|297614.0|297590.0|298022.0|298861.0|300447.0|301148.0|299342.0|297468.0|296446.0|297463.0|298145.0|298283.0|298523.0|298719.0|298531.0|298412.0|297859.0|297818.0|298428.0
2581|91607|Los Angeles|CA|686408.0|692305.0|697227.0|698538.0|701431.0|703572.0|701951.0|701001.0|701943.0|708968.0|713528.0|720072.0|722762.0|726564.0|729836.0|737976.0|743959.0|750305.0|756017.0|765173.0|774225.0|782594.0|786319.0|788450.0|792738.0|796512.0|800471.0|801269.0|806145.0|810260.0|816106.0|820304.0|825281.0|829490.0|836714.0|843588.0|850180.0|858118.0|867261.0|875925.0|879965.0|882995.0|884493.0|885883.0|887328.0|889177.0|891952.0|891348.0|890981.0|887256.0|885054.0|883736.0|884339.0|886111.0|888590.0|891334.0|893780.0|896496.0|898415.0|903736.0|909147.0
18|60647|Chicago|IL|377503.0|379303.0|381123.0|383735.0|385854.0|385737.0|385902.0|386140.0|386287.0|385923.0|386090.0|388369.0|391060.0|395653.0|399127.0|402367.0|403673.0|406133.0|408620.0|411843.0|413461.0|416214.0|419366.0|419553.0|418861.0|417015.0|418539.0|419386.0|420376.0|420698.0|420977.0|421036.0|421635.0|420988.0|419947.0|420815.0|424447.0|427807.0|428036.0|427143.0|427059.0|427512.0|427031.0|426869.0|427311.0|428509.0|429619.0|430450.0|428909.0|427172.0|426069.0|426614.0|426790.0|426615.0|427050.0|427106.0|426716.0|426088.0|425615.0|424934.0|424888.0
3509|78728|Austin|TX|225741.0|227075.0|228110.0|228493.0|229198.0|230107.0|232017.0|234239.0|236356.0|237779.0|238744.0|240527.0|242851.0|245280.0|247453.0|249395.0|251265.0|252837.0|254639.0|255648.0|256795.0|258439.0|260789.0|262398.0|262973.0|263640.0|264797.0|266710.0|267676.0|268731.0|268990.0|270035.0|271256.0|272584.0|274170.0|275423.0|276839.0|277409.0|278764.0|279754.0|281841.0|283558.0|285338.0|286875.0|287305.0|288784.0|289113.0|290647.0|291627.0|293861.0|295133.0|296458.0|297467.0|298854.0|300593.0|302375.0|304996.0|306725.0|309165.0|311058.0|313640.0
897|60643|Chicago|IL|137842.0|136065.0|135252.0|136164.0|137279.0|137385.0|136833.0|136552.0|136282.0|136437.0|136350.0|136251.0|135878.0|136804.0|137795.0|138880.0|139071.0|139394.0|140223.0|141517.0|142784.0|143468.0|143904.0|144761.0|146493.0|147937.0|149206.0|149549.0|150150.0|150362.0|150994.0|151740.0|152812.0|153820.0|155122.0|156467.0|157455.0|157622.0|157430.0|157677.0|158717.0|160084.0|161091.0|161560.0|162255.0|163182.0|163975.0|164496.0|164751.0|165396.0|166241.0|167213.0|167535.0|167702.0|167747.0|167952.0|167734.0|167400.0|166985.0|166546.0|166161.0
771|60639|Chicago|IL|174437.0|174468.0|174880.0|176581.0|178633.0|179937.0|180992.0|181206.0|182471.0|183945.0|186063.0|188199.0|190408.0|192655.0|194032.0|195115.0|195758.0|196883.0|198051.0|200082.0|201803.0|203985.0|206353.0|208768.0|210833.0|212568.0|215546.0|218336.0|220588.0|221500.0|222592.0|224305.0|225771.0|226821.0|226936.0|227534.0|229235.0|231511.0|232482.0|233161.0|233540.0|235509.0|236969.0|238224.0|238962.0|239416.0|240026.0|240408.0|239918.0|238983.0|238503.0|238197.0|238366.0|237790.0|237402.0|236546.0|236099.0|235828.0|235734.0|235456.0|235263.0
2452|37203|Nashville|TN|319214.0|320734.0|321639.0|323368.0|325376.0|327467.0|329503.0|332024.0|335487.0|338495.0|342639.0|344820.0|348179.0|351506.0|356197.0|359987.0|362450.0|364519.0|367280.0|370445.0|373016.0|376170.0|378256.0|381955.0|384397.0|386511.0|388572.0|391464.0|394700.0|397616.0|399596.0|401401.0|402970.0|404422.0|406665.0|408971.0|411649.0|413806.0|414957.0|415437.0|415353.0|415177.0|415540.0|416121.0|417160.0|417414.0|416635.0|415835.0|415284.0|415958.0|416462.0|417142.0|418334.0|419810.0|421165.0|422327.0|423376.0|425021.0|427345.0|429475.0|431581.0
10161|90077|Los Angeles|CA|1353454.0|1374860.0|1395268.0|1404244.0|1419667.0|1431232.0|1448247.0|1461532.0|1482478.0|1503536.0|1525399.0|1544472.0|1557140.0|1567208.0|1577684.0|1601320.0|1620982.0|1641320.0|1656524.0|1675169.0|1691203.0|1702951.0|1711544.0|1720623.0|1741000.0|1760661.0|1780532.0|1790973.0|1806814.0|1823312.0|1842412.0|1861809.0|1882724.0|1903638.0|1929498.0|1956380.0|1977677.0|2000351.0|2023172.0|2044321.0|2055412.0|2061795.0|2072950.0|2084986.0|2095503.0|2109889.0|2122308.0|2131158.0|2133672.0|2132907.0|2134493.0|2142321.0|2156039.0|2173428.0|2187368.0|2200476.0|2215185.0|2228973.0|2243644.0|2262110.0|2287696.0
3257|80237|Denver|CO|325706.0|329813.0|333278.0|336603.0|337464.0|339849.0|342780.0|346978.0|350539.0|354001.0|357694.0|360968.0|363751.0|365823.0|367117.0|368816.0|371225.0|374193.0|377123.0|380556.0|384372.0|387808.0|390571.0|393613.0|397059.0|401369.0|406364.0|409957.0|413611.0|415741.0|418590.0|419436.0|419863.0|420195.0|422091.0|424258.0|426942.0|429261.0|432598.0|436826.0|440733.0|444200.0|446360.0|448448.0|450859.0|454408.0|457933.0|459779.0|459868.0|459148.0|458255.0|457359.0|456493.0|456495.0|457066.0|458465.0|459649.0|459989.0|459601.0|460236.0|461863.0
10099|10069|New York|NY|2184899.0|2191608.0|2194258.0|2202675.0|2210195.0|2222486.0|2225178.0|2227585.0|2228229.0|2227401.0|2228832.0|2230457.0|2231749.0|2236304.0|2245210.0|2257361.0|2265760.0|2264997.0|2266571.0|2265478.0|2272877.0|2276203.0|2283354.0|2293668.0|2303787.0|2299575.0|2285636.0|2271418.0|2262991.0|2255735.0|2246440.0|2237516.0|2223762.0|2215246.0|2202191.0|2186973.0|2167034.0|2157173.0|2148184.0|2141792.0|2129523.0|2119381.0|2111588.0|2099517.0|2092609.0|2076021.0|2065170.0|2050621.0|2043107.0|2033887.0|2026783.0|2016930.0|2009666.0|2001987.0|1993498.0|1988540.0|1980843.0|1978947.0|1974646.0|1973880.0|1970616.0
3104|90038|Los Angeles|CA|683593.0|690047.0|697955.0|702744.0|709083.0|711870.0|712769.0|716569.0|723340.0|733272.0|739049.0|747661.0|752028.0|757086.0|758076.0|764506.0|767511.0|772158.0|772047.0|776135.0|780266.0|788577.0|793744.0|798004.0|803859.0|810062.0|817282.0|824438.0|831964.0|838583.0|842099.0|845584.0|848803.0|853202.0|862886.0|871344.0|880417.0|888512.0|899249.0|905595.0|911168.0|916246.0|919591.0|920946.0|919048.0|920802.0|920490.0|921735.0|924450.0|925566.0|926058.0|927597.0|930317.0|933522.0|940634.0|948050.0|957957.0|963557.0|969096.0|974504.0|978631.0
1530|98102|Seattle|WA|499783.0|502376.0|506134.0|509216.0|513090.0|515673.0|519679.0|527771.0|535504.0|542580.0|548977.0|555177.0|558715.0|564663.0|571615.0|581080.0|588626.0|595939.0|602159.0|605934.0|609895.0|613725.0|620369.0|628167.0|636552.0|642456.0|646897.0|652567.0|661543.0|671911.0|683749.0|693450.0|702395.0|712205.0|718607.0|725732.0|733025.0|745487.0|756413.0|764083.0|767884.0|769570.0|766636.0|763683.0|762932.0|761980.0|757638.0|750740.0|743807.0|736749.0|730023.0|723999.0|719449.0|715746.0|714770.0|715255.0|714488.0|713600.0|716243.0|720407.0|724999.0
96|10458|New York|NY|134973.0|136490.0|138545.0|139944.0|142107.0|144535.0|147295.0|149145.0|150057.0|149909.0|151213.0|153352.0|153280.0|153232.0|152146.0|153339.0|153969.0|155191.0|156464.0|157735.0|159252.0|161045.0|163041.0|164652.0|165738.0|165895.0|165207.0|164441.0|164529.0|165998.0|166837.0|166753.0|166953.0|168801.0|170231.0|170571.0|170236.0|169976.0|170622.0|172355.0|174378.0|175328.0|174873.0|176376.0|178206.0|179452.0|179563.0|179232.0|181570.0|185153.0|189437.0|190712.0|191198.0|191422.0|192827.0|192840.0|192082.0|190531.0|189624.0|189263.0|186840.0
6470|80223|Denver|CO|226134.0|230240.0|234657.0|237984.0|238415.0|239477.0|242497.0|248611.0|254009.0|258286.0|261606.0|265113.0|268434.0|271338.0|272939.0|275004.0|277923.0|281137.0|283302.0|284522.0|286470.0|288915.0|292089.0|294819.0|297093.0|299798.0|303878.0|307504.0|311761.0|315466.0|319289.0|321642.0|323662.0|325777.0|328176.0|330518.0|332470.0|334046.0|336882.0|340904.0|345681.0|348751.0|351556.0|353855.0|356140.0|358835.0|360628.0|362432.0|363653.0|364967.0|364669.0|364004.0|362253.0|362075.0|362216.0|363639.0|365032.0|365882.0|367025.0|368209.0|370134.0
1396|94114|San Francisco|CA|1378373.0|1389904.0|1410265.0|1434240.0|1442372.0|1460001.0|1483519.0|1509470.0|1535350.0|1555383.0|1558384.0|1565309.0|1580138.0|1589438.0|1583679.0|1564727.0|1565727.0|1559094.0|1554070.0|1542019.0|1544754.0|1552101.0|1572398.0|1583134.0|1585553.0|1578873.0|1581366.0|1594451.0|1614951.0|1632946.0|1645800.0|1664246.0|1674582.0|1681711.0|1683978.0|1688849.0|1698289.0|1712941.0|1741104.0|1768364.0|1776568.0|1789273.0|1791420.0|1799764.0|1792155.0|1790247.0|1788804.0|1788138.0|1791772.0|1792861.0|1785005.0|1773755.0|1770143.0|1766675.0|1773900.0|1776088.0|1791899.0|1805248.0|1819281.0|1834639.0|1847709.0
4093|11228|New York|NY|773363.0|774571.0|777000.0|783080.0|791365.0|798694.0|804623.0|810474.0|819397.0|828193.0|834958.0|840105.0|844334.0|849042.0|854346.0|857237.0|859319.0|862173.0|865071.0|869415.0|870347.0|870582.0|872534.0|876157.0|883066.0|889538.0|896970.0|903967.0|911267.0|915178.0|921738.0|923177.0|928567.0|930688.0|935465.0|938093.0|937771.0|937671.0|936474.0|940653.0|944015.0|950567.0|951637.0|955090.0|955832.0|959421.0|962992.0|967667.0|970696.0|971330.0|971108.0|969071.0|967160.0|963899.0|963209.0|962477.0|962008.0|960571.0|956999.0|952756.0|949916.0
75|10024|New York|NY|1124018.0|1133778.0|1139991.0|1143250.0|1142529.0|1145963.0|1153025.0|1162888.0|1171166.0|1177842.0|1184295.0|1186344.0|1181910.0|1176877.0|1183304.0|1190253.0|1190946.0|1180811.0|1176620.0|1175049.0|1174385.0|1170374.0|1164671.0|1166420.0|1167066.0|1165401.0|1147593.0|1145450.0|1160754.0|1185918.0|1196549.0|1184951.0|1180758.0|1185527.0|1200223.0|1211681.0|1213506.0|1212128.0|1207886.0|1198584.0|1186778.0|1179780.0|1176577.0|1197014.0|1209031.0|1216255.0|1204015.0|1189022.0|1194648.0|1208842.0|1235394.0|1250899.0|1261738.0|1266134.0|1274059.0|1273683.0|1276626.0|1280013.0|1294924.0|1312432.0|1317930.0
17380|90058|Los Angeles|CA|258238.0|260383.0|262863.0|265102.0|265664.0|267150.0|267888.0|272438.0|275426.0|278928.0|280939.0|285054.0|289110.0|293141.0|294493.0|297663.0|300009.0|303052.0|302227.0|301648.0|303352.0|307838.0|312091.0|313508.0|315474.0|316331.0|320435.0|321033.0|324653.0|325270.0|330031.0|333118.0|337276.0|340421.0|343762.0|346993.0|349936.0|354435.0|358800.0|364432.0|367587.0|371015.0|373758.0|376644.0|377231.0|376372.0|376137.0|376640.0|377195.0|376683.0|375818.0|375291.0|375436.0|376972.0|377972.0|379747.0|382405.0|386285.0|389984.0|394169.0|398757.0
27|60618|Chicago|IL|394028.0|395267.0|396367.0|398371.0|399266.0|398733.0|399196.0|399622.0|399489.0|398161.0|397928.0|399858.0|402337.0|407020.0|410150.0|413351.0|415343.0|418268.0|420974.0|423694.0|425539.0|428760.0|432059.0|432624.0|432842.0|431363.0|433400.0|433974.0|434002.0|433269.0|433027.0|434185.0|435663.0|436126.0|436589.0|438192.0|441730.0|444036.0|443503.0|442288.0|441679.0|441806.0|440877.0|440327.0|440283.0|440716.0|441210.0|441282.0|438764.0|436356.0|434728.0|434962.0|435125.0|434828.0|435010.0|434199.0|433031.0|431751.0|430415.0|429340.0|429352.0
129|60617|Chicago|IL|79389.0|79428.0|79617.0|80235.0|80913.0|81994.0|83519.0|85022.0|85766.0|85722.0|85678.0|86090.0|86885.0|87984.0|89506.0|90383.0|91874.0|92794.0|94538.0|95211.0|95686.0|96125.0|97541.0|98597.0|99782.0|101233.0|102761.0|104082.0|103852.0|103564.0|102742.0|102709.0|103272.0|104265.0|105159.0|106821.0|108210.0|108702.0|108433.0|108647.0|109631.0|110486.0|110436.0|110941.0|111532.0|112378.0|112302.0|111869.0|111601.0|111867.0|112372.0|112706.0|113046.0|113583.0|114824.0|115415.0|115675.0|115528.0|115934.0|116284.0|116612.0
4433|60646|Chicago|IL|372831.0|371269.0|370478.0|371810.0|373348.0|372627.0|372170.0|372272.0|371842.0|371221.0|370488.0|370895.0|371971.0|374722.0|376916.0|378418.0|378578.0|379971.0|381839.0|384008.0|386079.0|388390.0|390394.0|391988.0|393603.0|395330.0|398320.0|400264.0|401501.0|401766.0|401553.0|401930.0|402277.0|401203.0|400114.0|399783.0|401291.0|402153.0|401084.0|400400.0|399297.0|398499.0|397134.0|396220.0|395568.0|395914.0|396807.0|397428.0|396204.0|394532.0|393229.0|392558.0|392621.0|392565.0|392874.0|392338.0|391508.0|390417.0|388907.0|387216.0|385945.0





-------- ZILLOW_ZRI --------


5915|10303|New York|NY|1699.0|1694.0|1695.0|1710.0|1728.0|1746.0|1779.0|1828.0||1926.0|1942.0|1938.0|1915.0|1915.0|1913.0|1916.0|1924.0|1929.0|1962.0|1984.0|2011.0|2034.0|2043.0|2046.0|2032.0|2010.0|1988.0|1983.0|1980.0|1968.0|1977.0|1980.0|1995.0|2008.0|2025.0|2051.0|2080.0|2105.0|2105.0|2092.0|2082.0|2076.0|2085.0|2100.0|2116.0|2127.0|2135.0|2133.0|2121.0|2118.0|2109.0|2092.0|2075.0|2073.0|2081.0|2100.0|2126.0|2169.0|2191.0|2203.0|2201.0
960|91402|Los Angeles|CA|2152.0|2161.0|2168.0|2171.0|2183.0|2193.0|2209.0|2233.0|2246.0|2248.0|2255.0|2260.0|2266.0|2281.0|2284.0|2296.0|2308.0|2322.0|2346.0|2358.0|2372.0|2376.0|2365.0|2355.0|2354.0|2362.0|2378.0|2395.0|2396.0|2401.0|2418.0|2434.0|2440.0|2445.0|2445.0|2455.0|2441.0|2434.0|2451.0|2467.0|2478.0|2495.0|2511.0|2532.0|2537.0|2537.0|2547.0|2541.0|2514.0|2501.0|2495.0|2499.0|2502.0|2501.0|2506.0|2513.0|2531.0|2539.0|2538.0|2571.0|2572.0
2185|10304|New York|NY|1550.0|1556.0|1573.0|1595.0|1629.0|1666.0|1697.0|1745.0|||1904.0||1923.0|1916.0|1886.0|1863.0|1840.0|1845.0|1887.0|1920.0|1955.0|1969.0|1967.0|1965.0|1955.0|1925.0|1889.0|1880.0|1895.0|1903.0|1918.0|1929.0|1939.0|1950.0|1963.0|1980.0|1992.0|1996.0|1987.0|1977.0|1961.0|1946.0|1938.0|1938.0|1954.0|1983.0|1994.0|2012.0|2020.0|2035.0|2042.0|2045.0|2042.0|2041.0|2040.0|2041.0|2044.0|2047.0|2050.0|2079.0|2064.0
376|94122|San Francisco|CA|4065.0|4080.0|4092.0|4112.0|4169.0|4216.0|4267.0|4321.0|4346.0|4367.0|4356.0|4347.0|4355.0|4348.0|4309.0|4303.0|4313.0|4318.0|4325.0|4293.0|4276.0|4242.0|4205.0|4159.0|4122.0|4088.0|4056.0|4042.0|4058.0|4064.0|4083.0|4088.0|4090.0|4056.0|4030.0|3998.0|4001.0|4002.0|4002.0|3990.0|3980.0|3961.0|3970.0|3985.0|3994.0|3996.0|3989.0|3963.0|4005.0|4014.0|4009.0|3995.0|3997.0|3994.0|4012.0|4039.0|4064.0|4031.0|4061.0|4047.0|4009.0
353|98122|Seattle|WA|2027.0|2015.0|2005.0|2005.0|2019.0|2044.0|2080.0|2093.0|2116.0|2135.0|2147.0|2148.0|2137.0|2128.0|2113.0|2106.0|2132.0|2161.0|2187.0|2201.0|2213.0|2212.0|2219.0|2222.0|2212.0|2200.0|2197.0|2195.0|2198.0|2207.0|2226.0|2246.0|2240.0|2232.0|2212.0|2194.0|2170.0|2150.0|2138.0|2133.0|2138.0|2165.0|2181.0|2195.0|2201.0|2197.0|2191.0|2191.0|2180.0|2174.0|2171.0|2172.0|2182.0|2194.0|2209.0|2225.0|2234.0|2235.0|2215.0|2208.0|2184.0
296|90011|Los Angeles|CA|2006.0|2018.0|2048.0|2075.0|2104.0|2144.0|2158.0|2169.0|2181.0|2189.0|2195.0|2200.0|2189.0|2199.0|2219.0|2231.0|2238.0|2261.0|2257.0|2268.0|2291.0|2307.0|2322.0|2322.0|2312.0|2300.0|2321.0|2365.0|2378.0|2385.0|2394.0|2382.0|2369.0|2369.0|2371.0|2382.0|2386.0|2375.0|2374.0|2392.0|2378.0|2383.0|2376.0|2393.0|2428.0|2457.0|2455.0|2414.0|2438.0|2433.0|2418.0|2403.0|2398.0|2400.0|2403.0|2399.0|2400.0|2387.0|2424.0|2397.0|2385.0
11916|2110|Boston|MA|2884.0|2900.0|2916.0|2905.0|2885.0|2885.0|2914.0|2922.0|2938.0|2927.0|2935.0|2919.0|2970.0|2993.0|3032.0|3055.0|3069.0|3076.0|3124.0|3184.0|3253.0|3275.0|3283.0|3244.0|3212.0|3223.0|3231.0|3217.0|3224.0|3257.0|3279.0|3295.0|3264.0|3276.0|3279.0|3292.0|3327.0|3381.0|3353.0|3343.0|3387.0|3378.0|3363.0|3335.0|3305.0|3296.0|3271.0|3267.0|3271.0|3290.0|3315.0|3309.0|3318.0|3322.0|3349.0|3363.0|3377.0|3356.0|3396.0|3341.0|3349.0
2976|98119|Seattle|WA|2163.0|2152.0|2153.0|2163.0|2192.0|2230.0|2276.0|2294.0|2320.0|2339.0|2331.0|2319.0|2330.0|2349.0|2366.0|2374.0|2397.0|2413.0|2432.0|2442.0|2440.0|2429.0|2438.0|2433.0|2423.0|2414.0|2408.0|2405.0|2410.0|2430.0|2450.0|2455.0|2443.0|2424.0|2406.0|2393.0|2334.0|2308.0|2303.0|2296.0|2308.0|2324.0|2338.0|2345.0|2350.0|2328.0|2296.0|2286.0|2274.0|2277.0|2292.0|2304.0|2314.0|2330.0|2349.0|2365.0|2370.0|2353.0|2322.0|2292.0|2288.0
1954|11102|New York|NY|2117.0|2133.0|2146.0|2140.0|2150.0|2160.0|2183.0|2200.0|2231.0|2232.0|2218.0|2217.0|2216.0|2206.0|2205.0|2219.0|2235.0|2254.0|2276.0|2293.0|2302.0|2315.0|2312.0|2313.0|2306.0|2298.0|2290.0|2255.0|2225.0|2218.0|2227.0|2246.0|2255.0|2237.0|2210.0|2175.0|2159.0|2154.0|2140.0|2130.0|2130.0|2144.0|2156.0|2150.0|2165.0|2181.0|2193.0|2189.0|2200.0|2198.0|2192.0|2182.0|2172.0|2170.0|2173.0|2183.0|2195.0|2245.0|2267.0|2276.0|2234.0
1173|91601|Los Angeles|CA|2482.0|2501.0|2519.0|2522.0|2527.0|2543.0|2549.0|2565.0|2569.0|2589.0|2598.0|2613.0|2604.0|2606.0|2616.0|2628.0|2646.0|2661.0|2677.0|2690.0|2709.0|2733.0|2741.0|2731.0|2714.0|2708.0|2718.0|2719.0|2712.0|2720.0|2725.0|2731.0|2722.0|2701.0|2711.0|2725.0|2720.0|2720.0|2714.0|2708.0|2696.0|2711.0|2701.0|2693.0|2695.0|2686.0|2676.0|2654.0|2679.0|2691.0|2701.0|2701.0|2710.0|2710.0|2703.0|2701.0|2707.0|2715.0|2736.0|2761.0|2724.0
1312|90018|Los Angeles|CA|2353.0|2361.0|2365.0|2390.0|2397.0|2413.0|2418.0|2439.0|2450.0|2452.0|2448.0|2446.0|2438.0|2438.0|2454.0|2484.0|2483.0|2499.0|2514.0|2533.0|2544.0|2571.0|2594.0|2601.0|2587.0|2560.0|2575.0|2603.0|2633.0|2649.0|2653.0|2667.0|2592.0|2593.0|2601.0|2605.0|2589.0|2582.0|2575.0|2587.0|2587.0|2592.0|2576.0|2563.0|2559.0|2573.0|2564.0|2564.0|2563.0|2571.0|2594.0|2619.0|2638.0|2642.0|2643.0|2642.0|2599.0|2585.0|2578.0|2566.0|2541.0
824|60630|Chicago|IL|1538.0|1554.0|1548.0|1542.0|1533.0|1541.0|1559.0|1577.0|1592.0|1594.0|1583.0|1577.0|1560.0|1555.0|1554.0|1555.0|1559.0|1591.0|1614.0|1618.0|1619.0|1608.0|1603.0|1576.0|1541.0|1515.0|1514.0|1530.0|1554.0|1572.0|1580.0|1596.0|1597.0|1590.0|1566.0|1551.0|1539.0|1539.0|1549.0|1563.0|1568.0|1588.0|1595.0|1601.0|1602.0|1600.0|1600.0|1591.0|1581.0|1581.0|1585.0|1593.0|1604.0|1616.0|1631.0|1645.0|1651.0|1632.0|1616.0|1618.0|1587.0
2112|10035|New York|NY|2778.0|2811.0|2829.0|2853.0|2873.0|2888.0|2873.0|2947.0|2957.0|2936.0|2975.0|2989.0|2987.0|2988.0|2965.0|2954.0|2949.0|2980.0|3011.0|3047.0||3216.0|3276.0|3278.0|3265.0|3212.0|3198.0|3176.0|3136.0|3164.0|3201.0|3234.0|3206.0|3155.0|3143.0|3094.0|3088.0||2909.0|2864.0|2915.0|2878.0|2848.0|2834.0|2817.0|2790.0|2742.0|2751.0|2760.0|2774.0|2754.0|2747.0|2735.0|2723.0|2714.0|2718.0|2724.0|2660.0|2679.0|2686.0|2743.0
11342|10464|New York|NY||1685.0|1713.0|1713.0|1698.0|1671.0|1667.0|1672.0|1678.0|1673.0|1713.0|1752.0|1795.0|1823.0|1817.0|1812.0|1817.0|1854.0|1855.0|1840.0|1815.0|1840.0|1859.0|1881.0|1889.0|1894.0|1896.0|1878.0|1883.0|1885.0|1892.0|1892.0|1895.0|1883.0|1886.0|1887.0|1905.0|1919.0|1919.0|1934.0|1983.0|1990.0|1996.0|1999.0|1990.0|1992.0|1990.0|1997.0|2021.0|2015.0|1990.0|1979.0|1980.0|1990.0|1997.0|2011.0|2026.0|2056.0|2047.0|2090.0|2105.0
2698|90032|Los Angeles|CA|2123.0|2130.0|2152.0|2179.0|2207.0|2229.0|2241.0|2255.0|2258.0|2282.0|2276.0|2288.0|2270.0|2241.0|2240.0|2246.0|2246.0|2265.0|2272.0|2293.0|2311.0|2324.0|2328.0|2325.0|2317.0|2319.0|2321.0|2340.0|2352.0|2356.0|2360.0|2358.0|2347.0|2343.0|2333.0|2334.0|2325.0|2324.0|2336.0|2341.0|2332.0|2332.0|2310.0|2293.0|2286.0|2285.0|2275.0|2267.0|2282.0|2265.0|2244.0|2229.0|2221.0|2216.0|2219.0|2224.0|2227.0|2256.0|2268.0|2286.0|2308.0
3466|91356|Los Angeles|CA|2640.0|2654.0|2675.0|2674.0|2678.0|2689.0|2694.0|2721.0|2753.0|2774.0|2789.0|2797.0|2793.0|2801.0|2795.0|2801.0|2816.0|2837.0|2854.0|2867.0|2864.0|2870.0|2875.0|2890.0|2883.0|2874.0|2867.0|2863.0|2871.0|2879.0|2878.0|2883.0|2891.0|2888.0|2886.0|2895.0|2889.0|2892.0|2896.0|2882.0|2877.0|2878.0|2906.0|2907.0|2920.0|2932.0|2946.0|2920.0|2945.0|2943.0|2929.0|2919.0|2921.0|2924.0|2925.0|2932.0|2946.0|2947.0|2979.0|2984.0|2974.0
1190|2124|Boston|MA|2229.0|2239.0|2224.0|2229.0|2269.0|2277.0|2285.0|2280.0|2304.0|2298.0|2287.0|2244.0|2263.0|2306.0|2331.0|2354.0|2367.0|2381.0|2428.0|2434.0|2425.0|2404.0|2398.0|2381.0|2394.0|2398.0|2447.0|2474.0|2484.0|2530.0|2549.0|2534.0|2488.0|2482.0|2457.0|2407.0|2377.0|2373.0|2402.0|2424.0|2464.0|2475.0|2478.0|2469.0|2441.0|2416.0|2395.0|2394.0|2388.0|2410.0|2439.0|2476.0|2513.0|2551.0|2597.0|2636.0|2656.0|2628.0||2469.0|2499.0
499|11216|New York|NY|2387.0|2373.0|2367.0|2374.0|2378.0|2404.0|2413.0|2436.0|2449.0|2488.0|2525.0|2527.0|2506.0|2501.0|2495.0|2483.0|2484.0|2491.0|2492.0|2503.0|2505.0|2557.0|2538.0|2535.0|2513.0|2495.0|2470.0|2462.0|2448.0|2454.0|2473.0|2494.0|2512.0|2531.0|2514.0|2506.0|2479.0|2453.0|2431.0|2407.0|2422.0|2443.0|2463.0|2482.0|2495.0|2511.0|2511.0|2505.0|2510.0|2511.0|2509.0|2505.0|2504.0|2508.0|2511.0|2526.0|2537.0|2519.0|2530.0|2546.0|2546.0
8190|11416|New York|NY|1807.0|1808.0|1830.0|1848.0|1862.0|1889.0|1908.0|1924.0|1942.0|1957.0|1966.0|1982.0|1988.0|1987.0|1992.0|2006.0|2017.0|2018.0|2033.0|2039.0|2042.0|2063.0|2071.0|2087.0|2103.0|2106.0|2115.0|2126.0|2132.0|2140.0|2154.0|2160.0|2170.0|2162.0|2153.0|2144.0|2132.0|2138.0|2146.0|2158.0|2167.0|2174.0|2176.0|2190.0|2193.0|2196.0|2197.0|2196.0|2190.0|2190.0|2189.0|2188.0|2190.0|2193.0|2197.0|2196.0|2198.0|2214.0|2214.0|2229.0|2210.0
6025|11232|New York|NY|2064.0|2076.0|2109.0|2123.0|2150.0|2178.0|2214.0|2237.0|2243.0|2255.0|2265.0|2274.0|2287.0|2281.0|2279.0|2269.0|2261.0|2260.0|2256.0|2258.0|2259.0|2271.0|2273.0|2289.0|2289.0|2274.0|2249.0|2218.0|2216.0|2208.0|2207.0|2196.0|2194.0|2193.0|2183.0|2182.0|2196.0|2189.0|2179.0|2173.0|2171.0|2180.0|2187.0|2179.0|2178.0|2186.0|2196.0|2192.0|2209.0|2205.0|2188.0|2168.0|2154.0|2159.0|2178.0|2199.0|2215.0|2249.0|2198.0|2234.0|2245.0
644|91331|Los Angeles|CA|2272.0|2272.0|2272.0|2279.0|2303.0|2324.0|2340.0|2345.0|2346.0|2356.0|2364.0|2367.0|2365.0|2387.0|2389.0|2398.0|2414.0|2430.0|2443.0|2455.0|2462.0|2468.0|2457.0|2453.0|2451.0|2445.0|2457.0|2470.0|2475.0|2491.0|2506.0|2508.0|2483.0|2486.0|2495.0|2513.0|2507.0|2511.0|2530.0|2544.0|2529.0|2540.0|2553.0|2567.0|2565.0|2554.0|2565.0|2563.0|2541.0|2529.0|2526.0|2528.0|2530.0|2529.0|2534.0|2542.0|2535.0|2505.0|2515.0|2534.0|2526.0
1181|60605|Chicago|IL|1868.0|1868.0|1874.0|1874.0|1874.0|1880.0|1884.0|1889.0|1899.0|1899.0|1942.0|1979.0|2008.0|2013.0|2009.0|2002.0|1984.0|1977.0|1977.0|1976.0|1970.0|1980.0|2001.0|1984.0|1985.0|1970.0|1962.0|1967.0|1968.0|1995.0|2002.0|2000.0|1965.0|1955.0|1951.0|1946.0|1930.0|1923.0|1923.0|1921.0|1924.0|1941.0|1949.0|1963.0|1964.0|1973.0|1982.0|1983.0|1940.0|1916.0|1907.0|1913.0|1933.0|1961.0|1992.0|2020.0|2037.0|2039.0|1990.0|1959.0|1984.0
945|10010|New York|NY||4274.0|4215.0|4257.0|4210.0|||||4499.0||4789.0|4880.0||4606.0|4518.0|4520.0||4853.0|||4376.0|||4731.0||||4160.0|4273.0|4213.0|4278.0|||3874.0||||||3769.0|3758.0|3687.0|3660.0|3587.0|3572.0|3564.0|3614.0|3713.0|3747.0|3736.0|3703.0|3660.0|3629.0|3620.0|3617.0|3633.0||3810.0|3712.0|3753.0
3498|78746|Austin|TX|1742.0|1760.0|1775.0|1784.0|1788.0|1800.0|1806.0|1821.0|1828.0|1837.0|1852.0|1858.0|1867.0|1881.0|1873.0|1869.0|1873.0|1878.0|1891.0|1889.0|1893.0|1889.0|1876.0|1879.0|1874.0|1870.0|1864.0|1868.0|1879.0|1887.0|1882.0|1861.0|1871.0|1871.0|1854.0|1852.0|1848.0|1846.0|1859.0|1858.0|1870.0|1878.0|1887.0|1886.0|1889.0|1886.0|1880.0|1878.0|1867.0|1874.0|1888.0|1905.0|1924.0|1945.0|1970.0|2000.0|2023.0|1998.0|1993.0|2032.0|2025.0
55|11230|New York|NY|1869.0|1875.0|1900.0|1923.0|1947.0|1936.0|1988.0|2008.0|2062.0|2113.0|2127.0|2146.0|2152.0|2155.0|2171.0|2145.0|2146.0|2106.0|2124.0|2168.0|2188.0|2208.0|2206.0|2211.0|2213.0|2192.0|2171.0|2120.0|2101.0|2098.0|2092.0|2061.0|2068.0|2085.0|2102.0|2131.0|2148.0|2126.0|2076.0|2043.0|2004.0|1966.0|1961.0|1973.0|1960.0|1948.0|1962.0|1978.0|2028.0|2037.0|2028.0|2028.0|2029.0|2038.0|2047.0|2053.0|2060.0|2087.0|2061.0|2097.0|
10125|11697|New York|NY|1889.0|1904.0|1909.0|1910.0|1943.0|1990.0|2031.0|2067.0|2106.0|2108.0|2096.0|2080.0|2082.0|2069.0|2087.0|2104.0|2116.0|2138.0|2143.0|2165.0|2171.0|2162.0|2147.0|2144.0|2141.0|2145.0|2127.0|2101.0|2062.0|2030.0|2029.0|2037.0|2020.0|2019.0|2011.0|2009.0|2021.0|2042.0|2069.0|2088.0|2066.0|2075.0|2083.0|2095.0|2115.0|2135.0|2129.0|2110.0|2082.0|2066.0|2059.0|2059.0|2062.0|2051.0|2051.0|2054.0|2054.0||2174.0|2182.0|2137.0
840|98125|Seattle|WA|1696.0|1697.0|1702.0|1710.0|1714.0|1721.0|1728.0|1739.0|1756.0|1773.0|1781.0|1791.0|1786.0|1783.0|1781.0|1789.0|1805.0|1839.0|1857.0|1884.0|1912.0|1919.0|1925.0|1917.0|1901.0|1888.0|1876.0|1870.0|1876.0|1889.0|1903.0|1910.0|1912.0|1903.0|1886.0|1874.0|1858.0|1854.0|1855.0|1862.0|1873.0|1893.0|1916.0|1927.0|1941.0|1949.0|1933.0|1923.0|1933.0|1926.0|1918.0|1912.0|1911.0|1925.0|1936.0|1943.0|1944.0|1938.0|1928.0|1931.0|1907.0
4983|11378|New York|NY|1925.0|1941.0|1959.0|1969.0|1981.0|2004.0|2034.0|2065.0|2100.0|2107.0|2092.0|2105.0|2113.0|2095.0|2070.0|2066.0|2082.0|2095.0|2103.0|2126.0|2140.0|2150.0|2153.0|2153.0|2155.0|2144.0|2148.0|2144.0|2133.0|2125.0|2134.0|2154.0|2141.0|2144.0|2123.0|2120.0|2113.0|2119.0|2116.0|2122.0|2111.0|2107.0|2125.0|2138.0|2153.0|2143.0|2128.0|2131.0|2152.0|2162.0|2164.0|2165.0|2166.0|2171.0|2173.0|2171.0|2168.0|2166.0|2162.0|2132.0|2118.0
56|11212|New York|NY|1916.0|1910.0|1948.0|1980.0|2005.0|2002.0|2028.0|2041.0|2077.0|2067.0|2107.0|2115.0|2122.0|2131.0|2149.0|2160.0|2168.0|2180.0|2221.0|2231.0|2204.0|2218.0|2202.0|2199.0|2232.0|2209.0|2190.0|2175.0|2187.0|2193.0|2168.0|2136.0|2137.0|2163.0|2181.0|2193.0|2195.0|2190.0|2164.0||2050.0|2023.0|2032.0|2010.0|2012.0|2026.0|2083.0|2134.0|2145.0|2131.0|2116.0|2101.0|2082.0|2085.0|2086.0|2102.0|2109.0||2202.0|2165.0|2183.0
4684|37138|Nashville|TN|1433.0|1440.0|1449.0|1456.0|1467.0|1476.0|1496.0|1508.0|1518.0|1525.0|1523.0|1511.0|1508.0|1506.0|1503.0|1507.0|1517.0|1529.0|1540.0|1550.0|1559.0|1557.0|1550.0|1541.0|1530.0|1528.0|1532.0|1529.0|1530.0|1536.0|1536.0|1536.0|1533.0|1529.0|1535.0|1539.0|1548.0|1556.0|1560.0|1560.0|1560.0|1554.0|1544.0|1540.0|1537.0|1533.0|1516.0|1502.0|1471.0|1461.0|1454.0|1447.0|1447.0|1455.0|1470.0|1481.0|1486.0|1514.0|1520.0|1538.0|1545.0
3292|60624|Chicago|IL|1321.0|1313.0|1310.0|1310.0|1316.0|1323.0|1329.0|1341.0|1356.0|1360.0|1358.0|1358.0|1354.0|1355.0|1345.0|1352.0|1361.0|1365.0|1361.0|1372.0|1383.0|1375.0|1371.0|1359.0|1348.0|1337.0|1328.0|1330.0|1343.0|1349.0|1364.0|1364.0|1365.0|1362.0|1363.0|1357.0|1352.0|1353.0|1352.0|1356.0|1365.0|1377.0|1384.0|1393.0|1399.0|1393.0|1389.0|1383.0|1400.0|1398.0|1389.0|1381.0|1379.0|1383.0|1389.0|1391.0|1393.0|1365.0|1386.0|1391.0|1382.0
176|11373|New York|NY|1870.0|1888.0|1907.0|1927.0|1945.0|1960.0|1987.0|2014.0|2048.0|2061.0|2057.0|2070.0|2084.0|2073.0|2056.0|2074.0|2073.0|2084.0|2081.0|2095.0|2103.0|2109.0|2122.0|2126.0|2119.0|2108.0|2107.0|2098.0|2085.0|2078.0|2092.0|2110.0|2097.0|2086.0|2070.0|2051.0|2039.0|2037.0|2040.0|2042.0|2044.0|2060.0|2094.0|2122.0|2149.0|2141.0|2116.0|2097.0|2123.0|2117.0|2102.0|2091.0|2083.0|2083.0|2085.0|2085.0|2083.0|2105.0|2105.0|2074.0|2065.0
348|60615|Chicago|IL|1464.0|1455.0|1469.0|1462.0|1472.0|1472.0|1472.0|1484.0|1487.0|1479.0|1469.0|1468.0|1460.0|1471.0|1464.0|1469.0|1478.0|1492.0|1504.0|1511.0|1521.0|1515.0|1503.0|1501.0|1498.0|1514.0|1511.0|1522.0|1529.0|1521.0|1528.0|1540.0|1549.0|1551.0|1558.0|1551.0|1546.0|1546.0|1558.0|1561.0|1581.0|1586.0|1598.0|1608.0|1611.0|1605.0|1591.0|1582.0|1554.0|1552.0|1559.0|1572.0|1589.0|1604.0|1615.0|1626.0|1623.0|1585.0|1575.0|1605.0|1575.0
1513|10001|New York|NY||4074.0|4036.0|3992.0|3958.0|||||4401.0||4627.0|4568.0||4373.0|4360.0|4349.0||4623.0|||4344.0|4467.0||4725.0||||4292.0|4365.0|4294.0|||4143.0|4042.0|4117.0||||3865.0|3832.0|3742.0|3686.0|3620.0|3609.0|3603.0|3592.0|3624.0|3595.0|3574.0|3564.0|3579.0|3612.0|3646.0|3672.0|3697.0|3724.0|3657.0|3667.0|3684.0|3633.0
1|60657|Chicago|IL|2016.0|2028.0|2033.0|2027.0|2041.0|2071.0|2100.0|2136.0|2139.0|2119.0|2093.0|2079.0|2061.0|2058.0|2079.0|2100.0|2115.0|2150.0|2184.0|2201.0|2212.0|2207.0|2182.0|2136.0|2108.0|2104.0|2117.0|2118.0|2125.0|2146.0|2168.0|2183.0|2165.0|2128.0|2097.0|2070.0|2057.0|2052.0|2054.0|2061.0|2074.0|2106.0|2134.0|2146.0|2155.0|2149.0|2116.0|2076.0|2025.0|2014.0|2017.0|2039.0|2070.0|2105.0|2140.0|2168.0|2185.0|2125.0||2053.0|1996.0
2170|91604|Los Angeles|CA|3117.0|3153.0|3153.0|3180.0|3185.0|3179.0|3187.0|3200.0|3232.0|3267.0|3271.0|3257.0|3225.0|3215.0|3223.0|3229.0|3254.0|3293.0|3313.0|3309.0|3302.0|3319.0|3327.0|3334.0|3344.0|3336.0|3332.0|3326.0|3317.0|3325.0|3293.0|3290.0|3279.0|3255.0|3272.0|3285.0|3257.0|3262.0|3255.0|3226.0|3231.0|3257.0|3269.0|3284.0|3281.0|3290.0|3274.0|3251.0|3255.0|3260.0|3264.0|3270.0|3272.0|3278.0|3279.0|3288.0|3296.0|3324.0|3292.0|3297.0|3290.0
3284|90002|Los Angeles|CA|1910.0|1913.0|1932.0|1938.0|1974.0|2018.0|2051.0|2065.0|2080.0|2080.0|2086.0|2090.0|2072.0|2063.0|2083.0|2094.0|2102.0|2127.0|2122.0|2143.0|2176.0|2189.0|2211.0|2213.0|2206.0|2197.0|2213.0|2251.0|2277.0|2289.0|2299.0|2270.0|2243.0|2234.0|2239.0|2254.0|2261.0|2257.0|2264.0|2299.0|2288.0|2298.0|2293.0|2307.0|2330.0|2351.0|2346.0|2310.0|2321.0|2311.0|2290.0|2278.0|2278.0|2281.0|2283.0|2280.0|2274.0|2309.0|2315.0|2312.0|2301.0
3896|78702|Austin|TX|1589.0|1596.0|1598.0|1611.0|1623.0|1637.0|1660.0|1677.0|1684.0|1694.0|1694.0|1694.0|1699.0|1704.0|1696.0|1695.0|1706.0|1723.0|1734.0|1750.0|1755.0|1747.0|1737.0|1728.0|1719.0|1707.0|1697.0|1696.0|1706.0|1721.0|1723.0|1713.0|1701.0|1692.0|1682.0|1677.0|1680.0|1685.0|1689.0|1694.0|1703.0|1714.0|1720.0|1726.0|1728.0|1731.0|1732.0|1750.0|1777.0|1783.0|1791.0|1808.0|1819.0|1826.0|1834.0|1839.0|1842.0|1872.0|1895.0|1898.0|1905.0
3373|91325|Los Angeles|CA|2353.0|2355.0|2366.0|2377.0|2404.0|2416.0|2426.0|2434.0|2431.0|2440.0|2440.0|2450.0|2451.0|2461.0|2460.0|2476.0|2483.0|2498.0|2513.0|2516.0|2520.0|2532.0|2534.0|2535.0|2529.0|2523.0|2527.0|2533.0|2546.0|2559.0|2571.0|2575.0|2578.0|2579.0|2581.0|2594.0|2586.0|2590.0|2600.0|2610.0|2612.0|2626.0|2654.0|2684.0|2699.0|2720.0|2740.0|2712.0|2686.0|2662.0|2643.0|2643.0|2646.0|2652.0|2661.0|2675.0|2687.0|2700.0|2720.0|2756.0|2749.0
3699|10039|New York|NY|2647.0|2608.0|2583.0|2573.0|||2786.0||2874.0|2892.0|2860.0|2919.0|2952.0|2979.0|2918.0|2878.0|2891.0|2911.0|2944.0|2930.0|2877.0|2832.0|2839.0|2827.0|2855.0|2874.0|2803.0||2669.0||2792.0|2841.0|2829.0|2799.0|2720.0|2666.0|2636.0|2595.0|2637.0|2626.0|2659.0|2666.0|2609.0|2589.0|2584.0|2558.0|2561.0|2579.0|2627.0|2632.0|2633.0|2634.0|2646.0|2655.0|2665.0|2679.0|2671.0||2525.0|2542.0|
1119|37076|Nashville|TN|1273.0|1278.0|1286.0|1293.0|1297.0|1305.0|1314.0|1320.0|1323.0|1333.0|1336.0|1339.0|1347.0|1355.0|1352.0|1352.0|1361.0|1372.0|1385.0|1393.0|1397.0|1394.0|1392.0|1381.0|1377.0|1373.0|1366.0|1363.0|1372.0|1383.0|1393.0|1399.0|1388.0|1381.0|1376.0|1373.0|1372.0|1373.0|1374.0|1372.0|1374.0|1379.0|1386.0|1391.0|1396.0|1398.0|1393.0|1389.0|1373.0|1366.0|1360.0|1356.0|1357.0|1364.0|1375.0|1381.0|1385.0|1389.0|1399.0|1407.0|1402.0
471|78741|Austin|TX|1360.0|1357.0|1358.0|1365.0|1384.0|1405.0|1422.0|1431.0|1433.0|1436.0|1432.0|1432.0|1438.0|1444.0|1448.0|1454.0|1451.0|1452.0|1465.0|1469.0|1466.0|1458.0|1446.0|1432.0|1424.0|1413.0|1412.0|1413.0|1428.0|1436.0|1444.0|1446.0|1438.0|1422.0|1414.0|1411.0|1411.0|1417.0|1423.0|1429.0|1436.0|1437.0|1448.0|1446.0|1449.0|1450.0|1451.0|1454.0|1452.0|1448.0|1446.0|1452.0|1463.0|1482.0|1500.0|1518.0|1525.0|1543.0|1550.0|1559.0|1562.0
670|10466|New York|NY|1501.0|1522.0|1542.0|1558.0|1563.0|1572.0|1583.0|1590.0|1583.0|1592.0|1610.0|1637.0|1652.0|1676.0|1685.0|1711.0|1716.0|1716.0|1706.0|1715.0|1723.0|1726.0|1712.0|1714.0|1711.0|1727.0||1779.0|1764.0|1759.0|1767.0|1774.0|1781.0|1792.0|1806.0|1826.0|1841.0|1853.0|1855.0|1857.0|1864.0|1872.0|1877.0|1874.0|1880.0|1881.0|1872.0|1872.0|1878.0|1901.0|1926.0|1945.0|1947.0|1944.0|1944.0|1943.0|1941.0|1927.0|1936.0|1946.0|1933.0
883|11224|New York|NY|2007.0|2028.0|2042.0|2048.0|2071.0|2076.0|2101.0|2141.0|2186.0|2208.0|2231.0|2251.0|2257.0|2272.0|2282.0|2281.0|2260.0|2272.0|2270.0|2286.0|2295.0|2304.0|2301.0|2299.0|2292.0|2291.0|2283.0|2249.0|2223.0|2219.0|2222.0|2216.0|2214.0|2186.0|2185.0|2204.0|2199.0|2194.0|2195.0|2198.0|2200.0|2167.0|2149.0|2152.0|2162.0|2142.0|2134.0|2149.0|2171.0|2172.0|2162.0|2159.0|2151.0|2159.0|2169.0|2184.0|2193.0|2255.0|2254.0|2232.0|2226.0
487|60608|Chicago|IL|1565.0|1560.0|1555.0|1536.0|1534.0|1527.0|1525.0|1531.0|1535.0|1538.0|1528.0|1531.0|1507.0|1524.0|1537.0|1541.0|1543.0|1555.0|1589.0|1596.0|1597.0|1577.0|1561.0|1544.0|1531.0|1525.0|1529.0|1544.0|1565.0|1563.0|1584.0|1604.0|1589.0|1575.0|1559.0|1541.0|1531.0|1527.0|1552.0|1567.0|1592.0|1613.0|1638.0|1651.0|1663.0|1662.0|1671.0|1664.0|1626.0|1618.0|1624.0|1637.0|1656.0|1671.0|1684.0|1687.0|1684.0|1635.0|1636.0|1647.0|
4370|90041|Los Angeles|CA|2479.0|2493.0|2534.0|2564.0|2564.0|2577.0|2589.0|2625.0|2654.0|2707.0|2714.0|2712.0|2680.0|2646.0|2650.0|2672.0|2672.0|2701.0|2723.0|2740.0|2744.0|2786.0|2807.0|2797.0|2778.0|2733.0|2704.0|2701.0|2725.0|2734.0|2757.0|2738.0|2700.0|2660.0|2659.0|2665.0|2639.0|2638.0|2634.0|2637.0|2625.0|2629.0|2593.0|2587.0|2584.0|2565.0|2559.0|2527.0|2518.0|2486.0|2461.0|2466.0|2469.0|2477.0|2484.0|2489.0|2491.0|2476.0|2498.0|2491.0|2489.0
3969|78757|Austin|TX|1354.0|1352.0|1361.0|1375.0|1395.0|1422.0|1440.0|1454.0|1463.0|1469.0|1463.0|1460.0|1467.0|1476.0|1478.0|1482.0|1475.0|1479.0|1474.0|1475.0|1468.0|1459.0|1448.0|1445.0|1446.0|1448.0|1443.0|1445.0|1449.0|1450.0|1451.0|1450.0|1448.0|1435.0|1422.0|1417.0|1416.0|1415.0|1422.0|1425.0|1427.0|1431.0|1433.0|1435.0|1437.0|1437.0|1432.0|1423.0|1442.0|1437.0|1433.0|1433.0|1441.0|1456.0|1473.0|1486.0|1490.0|1477.0||1547.0|1550.0
1293|90016|Los Angeles|CA|2277.0|2275.0|2272.0|2283.0|2294.0|2313.0|2332.0|2352.0|2358.0|2362.0|2359.0|2355.0|2342.0|2356.0|2373.0|2402.0|2425.0|2442.0|2447.0|2462.0|2474.0|2501.0|2513.0|2516.0|2499.0|2486.0|2473.0|2486.0|2516.0|2533.0|2544.0|2562.0|2554.0|2533.0|2527.0|2524.0|2520.0|2526.0|2540.0|2546.0|2540.0|2527.0|2509.0|2494.0|2490.0|2491.0|2496.0|2479.0|2533.0|2556.0|2566.0|2577.0|2582.0|2589.0|2593.0|2597.0|2606.0|2604.0|2619.0|2638.0|2604.0
7011|80236|Denver|CO|1588.0|1597.0|1611.0|1632.0|1652.0|1692.0|1711.0|1741.0|1755.0|1763.0|1763.0|1767.0|1770.0|1771.0|1764.0|1763.0|1765.0|1769.0|1779.0|1773.0|1762.0|1750.0|1732.0|1722.0|1730.0|1734.0|1735.0|1743.0|1753.0|1758.0|1765.0|1763.0|1759.0|1753.0|1738.0|1741.0|1744.0|1746.0|1762.0|1768.0|1790.0|1804.0|1809.0|1810.0|1799.0|1798.0|1791.0|1779.0|1781.0|1776.0|1773.0|1776.0|1780.0|1783.0|1787.0|1791.0|1792.0|1787.0|1755.0|1769.0|1765.0
272|60649|Chicago|IL|1143.0|1146.0|1156.0|1155.0|1151.0|1158.0|1166.0|1166.0|1173.0|1176.0|1178.0|1191.0|1191.0|1202.0|1203.0|1198.0|1186.0|1181.0|1187.0|1174.0|1163.0|1165.0|1165.0|1167.0|1175.0|1181.0|1185.0|1192.0|1195.0|1199.0|1205.0|1215.0|1212.0|1204.0|1199.0|1199.0|1198.0|1199.0|1200.0|1203.0|1215.0|1215.0|1215.0|1209.0|1213.0|1218.0|1221.0|1226.0|1230.0|1224.0|1217.0|1213.0|1214.0|1217.0|1219.0|1216.0|1215.0|1214.0|1207.0|1213.0|1199.0





----- AIRBNB --------


421|11946709|2019-09-28|Asheville, NC, United States|28806|Asheville|NC|28806|35.57554|-82.5777|4.0|1.0|2.0|2.0|150.0|||300.0|50.0|1|1125|20 months ago|0|0|0
5105|31383462|2019-12-22|Chicago, IL, United States|Logan Square|Chicago|IL|60647|41.9262|-87.69705|2.0|1.0|1.0|1.0|50.0|||||1|6|5 days ago|10|31|61
590|5447105|2019-02-09|Chicago, IL, United States|Edgewater|Chicago|IL|60640|41.9773390444422|-87.6633792789059|2.0|1.0|1.0|1.0|203.0|900.0|3171.0|500.0|59.0|3|31|today|16|46|76
1073|19688771|2018-07-29|Asheville, NC, United States|28805|Asheville|NC|28805|35.5827111435169|-82.5355513326674|4.0|1.0|2.0|2.0|133.0|||200.0|50.0|1|62|a week ago|6|31|51
3540|21933971|2018-04-21|Denver, CO, United States|Capitol Hill|Denver|CO|80203|39.731782594997|-104.984711311527|4.0|1.0|1.0|2.0|159.0|||0.0|35.0|1|1125|3 weeks ago|20|44|64
988|20074883|2019-05-26|Asheville, NC, United States|28801|Asheville|NC|28804|35.61071|-82.5531|4.0|1.0|2.0|2.0|85.0|||300.0|75.0|2|9|5 days ago|11|33|60
4015|30041198|2019-03-28|Denver, CO, United States|Five Points|Denver|CO|80202|39.75383|-104.99261|4.0|2.0|1.0|4.0|160.0|||||1|14|today|30|60|90
973|13175605|2019-03-28|Denver, CO, United States|Sloan Lake|Denver|CO|80214|39.75562|-105.05312|4.0|1.0|2.0|2.0|109.0|||200.0|35.0|3|7|today|14|32|53
5452|23325250|2018-08-17|Chicago, IL, United States|Logan Square|Chicago|IL|60647|41.9222932391048|-87.7219715356388|3.0|1.0|2.0|1.0|100.0||||25.0|2|1125|3 weeks ago|9|9|9
4572|21314247|2018-09-14|Chicago, IL, United States|Armour Square|Chicago|IL|60616|41.8396754765081|-87.6325735036128|3.0|1.0|1.0|1.0|41.0|||||1|10|a week ago|18|33|63
6151|29259262|2019-05-19|Chicago, IL, United States|East Garfield Park|Chicago|IL|60612|41.87412|-87.69312|2.0|2.0|1.0|1.0|39.0|||0.0|7.0|1|13|5 weeks ago|15|44|71
6093|29513227|2019-06-14|Chicago, IL, United States|Lake View|Chicago|IL|60613|41.95067|-87.67216|6.0|1.0|2.0|2.0|150.0||||25.0|1|1125|3 months ago|0|0|0
3649|22206770|2018-04-21|Denver, CO, United States|Hampden|Denver|CO|80231|39.6689134115558|-104.898691836676|4.0|1.0|1.0|1.0|85.0||||40.0|1|1125|3 weeks ago|16|42|65
4698|24945733|2019-05-19|Chicago, IL, United States|Lake View|Chicago|IL|60657|41.94273|-87.65092|2.0|1.0|1.0|1.0|85.0|||0.0|24.0|1|1125|today|16|43|63
1699|13825159|2019-06-14|Chicago, IL, United States|Lower West Side|Chicago|IL|60616|41.85768|-87.64089|4.0|1.0|2.0|3.0|105.0|||300.0|50.0|2|31|3 months ago|0|0|0
1656|11582953|2018-07-18|Chicago, IL, United States|Loop|Chicago|IL|60661|41.8846948953359|-87.6362460983268|6.0|2.5|3.0|3.0|375.0|||475.0|125.0|2|1125|today|5|20|30
525|7713815|2019-12-04|Boston, MA, United States|Beacon Hill|Boston|MA|2114|42.35958|-71.06397|2.0|1.0|0.0|1.0|150.0|||0.0|69.0|1|1125|4 days ago|23|53|79
3709|24943272|2019-10-19|Chicago, IL, United States|Lincoln Park|Chicago|IL|60614|41.91907|-87.65333|2.0|1.0|1.0|1.0|85.0|||0.0|24.0|1|1125|yesterday|9|32|59
738|10131583|2019-03-28|Denver, CO, United States|Clayton|Denver|CO|80205|39.76402|-104.9498|4.0|1.0|2.0|2.0|80.0|||250.0|75.0|4|120|today|18|43|73
639|15230720|2019-05-26|Asheville, NC, United States|28801|Asheville|NC|28801|35.60651|-82.55889|3.0|1.0|1.0|2.0|58.0||||25.0|1|30|today|11|34|48
3794|35220979|2019-11-30|Denver, CO, United States|Sunnyside|Denver|CO|80211|39.77123|-104.99978|2.0|1.0|1.0|1.0|109.0|||5000.0|30.0|4|1125|a week ago|8|21|21
7332|30271472|2018-12-13|Chicago, IL, United States|Near West Side|Chicago|IL|60661|41.8834873658672|-87.6425277806227|4.0|1.0|2.0|2.0|139.0|||0.0|45.0|2|1125|3 days ago|0|0|12
4450|40263152|2020-01-30|Denver, CO, United States|Five Points|Denver|CO|80205|39.74934|-104.98677|4.0|1.0|1.0|2.0|1007.0|||0.0|101.0|1|365|today|28|58|88
392|9716129|2018-11-20|Asheville, NC, United States|28806|Asheville|NC|28806|35.5939407682486|-82.6382996967378|2.0|1.0|1.0|2.0|84.0|||||2|30|4 months ago|26|56|85
6294|24045400|2018-05-18|Chicago, IL, United States|Albany Park|Chicago|IL|60630|41.9698057533164|-87.7399418299064|5.0|1.5|1.0|3.0|89.0|||0.0|0.0|1|1125|today|20|50|80
1782|20949492|2019-09-30|Denver, CO, United States|Cory - Merrill|Denver|CO|80210|39.69441|-104.95588|1.0|1.0|1.0|1.0|20.0||||48.0|1|1|25 months ago|0|0|0
650|14757919|2018-11-20|Asheville, NC, United States|28801|Asheville|NC|28801|35.5979302982216|-82.5669008332097|2.0|1.0|1.0|1.0|130.0|||0.0|40.0|2|1125|today|15|26|51
1705|29340133|2019-06-26|Asheville, NC, United States|28805|Asheville|NC|28805|35.62383|-82.47718|4.0|1.0|2.0|3.0|110.0|||0.0|35.0|2|1125|5 days ago|17|39|47
678|14824135|2018-07-29|Asheville, NC, United States|28806|Asheville|NC|28806|35.5034657807808|-82.6063893368496|2.0|1.0|1.0|1.0|48.0||||20.0|1|1125|2 months ago|0|0|0
2102|35515854|2019-10-27|Asheville, NC, United States|28804|Asheville|NC|28804|35.63818|-82.51796|4.0|1.0|1.0|1.0|55.0|||||2|90|5 months ago|25|55|85
3781|22880935|2019-08-19|Chicago, IL, United States|Near South Side|Chicago|IL|60605|41.85972|-87.62707|4.0|2.0|2.0|2.0|200.0|||400.0|134.0|2|1125|today|8|23|45
1422|14122536|2018-09-21|Denver, CO, United States|Five Points|Denver|CO|80205|39.761207054676|-104.979162486257|4.0|2.5|2.0|2.0|165.0|||500.0|99.0|3|34|2 months ago|0|19|48
3849|26253752|2018-12-21|Denver, CO, United States|City Park West|Denver|CO|80206|39.7404096866147|-104.962285602246|6.0|1.0|1.0|3.0|99.0||||60.0|1|1124|today|4|16|42
1473|19527615|2017-11-24|Denver, CO, United States|Virginia Village|Denver|CO|80222|39.680993783193|-104.933529173926|7.0|1.0|2.0|3.0|125.0|||100.0|100.0|1|30|a week ago|24|33|62
2506|16830848|2019-01-17|Chicago, IL, United States|Edgewater|Chicago|IL|60660|41.9946447975353|-87.6633233152655|2.0|1.0|1.0|1.0|75.0|||||1|1125|6 days ago|26|53|83
4530|38919595|2019-10-30|Denver, CO, United States|Gateway - Green Valley Ranch|Denver|CO|80249|39.784|-104.75017|6.0|1.0|3.0|3.0|80.0||||50.0|2|1125|2 weeks ago|12|35|65
4069|33881639|2019-07-28|Denver, CO, United States|Whittier|Denver|CO|80205|39.75495|-104.96019|4.0|1.0|1.0|2.0|70.0|||0.0|60.0|1|3|5 weeks ago|0|0|0
170|1472520|2019-10-19|Boston, MA, United States|Dorchester|Boston|MA|2125|42.30811|-71.0462|3.0|1.0|1.0|2.0|83.0|||100.0|25.0|1|1125|3 days ago|1|11|32
5010|27338573|2019-08-19|Chicago, IL, United States|West Town|Chicago|IL|60622|41.90902|-87.68061|5.0|1.0|2.0|2.0|141.0||||60.0|1|1125|12 months ago|0|0|0
1484|17448570|2019-04-27|Denver, CO, United States|Cherry Creek|Denver|CO|80206|39.7233|-104.95358|6.0|2.0|3.0|3.0|349.0|||750.0|175.0|3|8|today|28|58|88
4140|22398218|2019-02-09|Chicago, IL, United States|Edgewater|Chicago|IL|60660|41.985007304554|-87.6621457331648|3.0|1.0|1.0|2.0|149.0|||0.0|30.0|2|1125|today|19|44|65
6064|29421194|2019-06-14|Chicago, IL, United States|Near North Side|Chicago|IL|60610|41.89756|-87.62805|6.0|1.5|2.0|2.0|199.0|||0.0|100.0|3|1125|today|9|31|48
6735|30396840|2019-04-15|Chicago, IL, United States|Near North Side|Chicago|IL|60611|41.89842|-87.62776|2.0|1.0|1.0|1.0|172.0||||125.0|30|1125|today|0|0|0
4|108061|2018-09-16|Asheville, NC, United States|28801|Asheville|NC|28801|35.6067032248829|-82.5556257880756|2.0|1.0|1.0|1.0|50.0|800.0|1350.0|0.0|0.0|30|365|2 months ago|0|0|6
373|9442229|2019-04-23|Asheville, NC, United States|28806|Asheville|NC|28806|35.57183|-82.59212|3.0|1.0|1.0|2.0|75.0|||250.0|25.0|1|1125|2 weeks ago|20|38|63
6855|37091876|2019-12-22|Chicago, IL, United States|Brighton Park|Chicago|IL|60632|41.83059|-87.69453|2.0|1.0|1.0|1.0|65.0|||||1|1125|2 months ago|8|23|36
441|3953880|2018-12-13|Chicago, IL, United States|Rogers Park|Chicago|IL|60626|42.0049260656038|-87.6647144613586|2.0|1.0|1.0|1.0|85.0|450.0|1350.0||35.0|1|1125|8 months ago|22|52|82
1225|23788596|2020-02-29|Asheville, NC, United States|28801|Asheville|NC|28801|35.60778|-82.56383|15.0|6.5|6.0|6.0|1250.0|||||1|1125|a week ago|12|27|42
1388|11750869|2019-03-12|Chicago, IL, United States|Logan Square|Chicago|IL|60647|41.92042|-87.71085|4.0|1.5|2.0|2.0|110.0|||||3|1125|21 months ago|0|0|0
4709|20556889|2018-04-15|Chicago, IL, United States|Lincoln Park|Chicago|IL|60614|41.9211985569799|-87.6432459603858|4.0|1.0|0.0|1.0|128.0|||100.0|68.0|2|31|4 days ago|11|24|54
832|13300432|2019-09-30|Denver, CO, United States|South Park Hill|Denver|CO|80220|39.7413|-104.93957|3.0|1.0|2.0|1.0|145.0|||0.0|0.0|365|1125|13 months ago|0|0|0
4498|24544054|2019-06-14|Chicago, IL, United States|Lower West Side|Chicago|IL|60608|41.85768|-87.66304|2.0|1.0|1.0|1.0|59.0|||0.0|20.0|2|40|2 weeks ago|0|5|33
457|11709950|2018-10-17|Asheville, NC, United States|28803|Asheville|NC|28803|35.549693308389|-82.4964854974139|6.0|1.0|3.0|4.0|149.0|||100.0|75.0|1|1125|1 week ago|16|38|53
1818|13858506|2018-12-13|Chicago, IL, United States|Hyde Park|Chicago|IL|60615|41.8012895866969|-87.6004930112899|2.0|2.0|1.0|1.0|70.0|||||1|1125|7 weeks ago|30|60|89
1456|19543488|2020-01-30|Denver, CO, United States|West Highland|Denver|CO|80211|39.7621|-105.03549|4.0|1.0|2.0|2.0|179.0|||200.0|75.0|3|1125|3 months ago|28|58|88
1545|27978847|2019-09-28|Asheville, NC, United States|28805|Asheville|NC|28805|35.63571|-82.46891|8.0|2.5|3.0|4.0|638.0|||1500.0|300.0|5|365|yesterday|19|46|68
1204|13327371|2018-10-18|Denver, CO, United States|Chaffee Park|Denver|CO|80221|39.7861539719226|-105.020030403931|6.0|2.0|3.0|3.0|185.0|||150.0|40.0|2|22|4 weeks ago|0|0|0
1595|24445744|2018-07-29|Asheville, NC, United States|28806|Asheville|NC|28806|35.5838420271791|-82.5702367412248|2.0|1.0|1.0|1.0|75.0|||0.0|25.0|1|1125|3 days ago|5|26|36
3896|7822106|2015-10-03|n bissell, Chicago, IL 60614, United States|Lincoln Park|Chicago|IL|60614|41.9128059323595|-87.6543894924824|4.0|1.0|1.0|2.0|140.0||||30.0|1|1125|3 days ago|20|50|80
5792|27109303|2019-01-17|Chicago, IL, United States|Near West Side|Chicago|IL|60607|41.8799412903816|-87.641568867921|2.0|1.0|1.0|1.0|19.0||||17.0|1|14|yesterday|15|45|68
5630|23441624|2018-07-18|Chicago, IL, United States|Archer Heights|Chicago|IL|60632|41.8063150463241|-87.7289758272821|5.0|1.0|3.0|5.0|119.0|||0.0|25.0|1|7|1 week ago|15|45|60
8646|40757854|2019-12-22|Chicago, IL, United States|Lower West Side|Chicago|IL|60608|41.84964|-87.67624|4.0|1.0|1.0|1.0|70.0|||250.0|75.0|1|90|today|0|20|50
7088|26568759|2018-07-18|Chicago, IL, United States|Lake View|Chicago|IL|60613|41.9509238268031|-87.6459729362674|4.0|1.0|0.0|1.0|127.0|||||1|14|2 weeks ago|12|13|13
596|13648270|2018-09-16|Asheville, NC, United States|28806|Asheville|NC|28806|35.6127523236592|-82.6488444326553|2.0|1.0|1.0|1.0|55.0||||15.0|1|30|2 days ago|1|27|57
2777|15852819|2018-07-18|Chicago, IL, United States|Lake View|Chicago|IL|60657|41.9459759327352|-87.6501088124328|6.0|2.0|3.0|3.0|325.0|||250.0|125.0|1|25|a week ago|3|7|7
885|13725664|2019-10-30|Denver, CO, United States|CBD|Denver|CO|80202|39.74536|-104.99717|2.0|1.0|0.0|1.0|114.0||||250.0|30|1125|3 weeks ago|26|56|86
5239|26476222|2019-04-15|Chicago, IL, United States|West Town|Chicago|IL|60642|41.89391|-87.65165|2.0|1.0|1.0|1.0|150.0|||1500.0|30.0|3|14|3 weeks ago|0|1|1
1355|14630297|2018-12-21|Denver, CO, United States|Regis|Denver|CO|80212|39.7850575352227|-105.058397591806|4.0|1.0|2.0|3.0|95.0|||250.0|59.0|2|60|3 months ago|20|50|80
7943|39415794|2019-12-22|Chicago, IL, United States|Loop|Chicago|IL|60605|41.86967|-87.63218|2.0|1.0|1.0|1.0|400.0|||250.0|75.0|2|365|today|25|53|83
19|184529|2019-01-29|Denver, CO, United States|West Highland|Denver|CO|80212|39.7671577349732|-105.043496151624|1.0|1.0|1.0|1.0|35.0|900.0||200.0|150.0|30|360|today|29|59|89
5139|26133988|2019-04-15|Chicago, IL, United States|Belmont Cragin|Chicago|IL|60639|41.91822|-87.77926|2.0|1.0|1.0|1.0|75.0|||100.0|50.0|2|30|10 months ago|27|57|87
1809|18256642|2019-01-29|Denver, CO, United States|Sunnyside|Denver|CO|80211|39.7700827416939|-105.01330554688|2.0|1.5|1.0|1.0|60.0|||0.0|10.0|1|1125|today|2|14|14
7400|31717262|2019-03-12|Chicago, IL, United States|Fuller Park|Chicago|IL|60609|41.81241|-87.63099|2.0|1.0|1.0|1.0|36.0|||||10|1125|2 weeks ago|11|41|71
4693|41177045|2020-01-31|Denver, CO, United States|Lincoln Park|Denver|CO|80204|39.72998|-105.00259|2.0|1.0|1.0|1.0|75.0|||||1|1125|a week ago|10|18|30
2062|22884861|2019-11-30|Denver, CO, United States|North Capitol Hill|Denver|CO|80203|39.7437|-104.9788|3.0|1.0|1.0|2.0|299.0|||150.0|60.0|1|365|3 days ago|9|26|51
4003|24848902|2018-09-21|Denver, CO, United States|Five Points|Denver|CO|80205|39.7522677843402|-104.974735404928|14.0|3.0|4.0|6.0|800.0|||200.0|220.0|2|1125|yesterday|23|53|80
6290|23223139|2018-04-15|Chicago, IL, United States|Lincoln Square|Chicago|IL|60625|41.9747670005867|-87.6881017644562|6.0|1.5|3.0|4.0|150.0|||100.0|75.0|1|1125|5 weeks ago|0|0|0
6257|30439638|2019-07-15|Chicago, IL, United States|South Shore|Chicago|IL|60649|41.76434|-87.57168|4.0|1.0|1.0|1.0|20.0|||0.0|20.0|1|90|1 week ago|1|1|3
7563|38754120|2019-12-22|Chicago, IL, United States|Bridgeport|Chicago|IL|60608|41.83946|-87.66023|4.0|1.5|2.0|2.0|63.0|||200.0|20.0|4|1121|2 months ago|30|60|90
2336|17548890|2019-09-22|Chicago, IL, United States|Loop|Chicago|IL|60601|41.88741|-87.61747|4.0|2.0|2.0|4.0|159.0||||87.0|14|1000|today|0|0|0
1630|28022558|2019-05-26|Asheville, NC, United States|28801|Asheville|NC|28801|35.58752|-82.55403|6.0|2.5|2.0|3.0|244.0|||0.0|264.0|2|1125|today|18|45|75
2502|17206887|2019-03-12|Chicago, IL, United States|Lincoln Park|Chicago|IL|60614|41.92114|-87.64995|4.0|1.0|0.0|2.0|89.0|||300.0|39.0|2|1124|today|23|50|80
95|1337012|2019-02-18|Denver, CO, United States|Capitol Hill|Denver|CO|80203|39.73595|-104.9837|4.0|1.5|2.0|2.0|399.0|909.0|2333.0|||30|365|4 months ago|0|18|48
7447|27612761|2018-08-17|Chicago, IL, United States|Kenwood|Chicago|IL|60638|41.8108633264262|-87.593512808197|1.0|1.0|1.0|1.0|69.0|||150.0|75.0|2|1125|a week ago|30|60|90
2597|17807776|2019-03-12|Chicago, IL, United States|Bridgeport|Chicago|IL|60608|41.84212|-87.66339|14.0|3.5|4.0|7.0|500.0|||3000.0|200.0|2|1125|today|15|34|54
4455|23669582|2019-03-12|Chicago, IL, United States|West Town|Chicago|IL|60622|41.90939|-87.67424|6.0|2.0|2.0|2.0|195.0|||175.0|120.0|2|179|today|20|41|60
5046|23442685|2018-10-11|Chicago, IL, United States|Near North Side|Chicago|IL|60654|41.8910174653095|-87.6276512472207|6.0|2.0|2.0|3.0|350.0||||45.0|1|28|today|8|34|64
5439|26002254|2018-12-13|Chicago, IL, United States|Logan Square|Chicago|IL|60647|41.9144496600577|-87.6977119406233|2.0|2.0|1.0|1.0|55.0||||20.0|1|30|a week ago|23|43|43
4100|22946686|2019-05-19|Chicago, IL, United States|Englewood|Chicago|IL|60621|41.7835|-87.63009|2.0|3.0|1.0|1.0|10.0|||||1|1125|today|27|57|87
719|12128272|2019-10-30|Denver, CO, United States|Whittier|Denver|CO|80205|39.75895|-104.96059|2.0|1.0|0.0|1.0|90.0|||200.0|40.0|2|1125|2 weeks ago|23|53|64
3974|31837425|2019-05-29|Denver, CO, United States|Sunnyside|Denver|CO|80211|39.78023|-105.01046|4.0|1.0|2.0|2.0|39.0|||100.0|30.0|1|1125|6 weeks ago|0|0|0
7051|27250095|2018-09-14|Chicago, IL, United States|Jefferson Park|Chicago|IL|60630|41.9718707787035|-87.7590877393795|3.0|1.0|1.0|1.0|85.0||||45.0|1|1125|4 days ago|23|53|83
5598|26686864|2019-01-17|Chicago, IL, United States|Near North Side|Chicago|IL|60611|41.8992939323857|-87.6217896606677|5.0|2.0|2.0|2.0|270.0|||500.0|129.0|2|1125|today|1|18|48
4187|30389802|2019-10-19|Boston, MA, United States|Chinatown|Boston|MA|2116|42.35216|-71.0621|2.0|1.0|1.0|1.0|257.0||||150.0|30|60|today|22|52|82
2435|21923957|2019-03-28|Denver, CO, United States|North Park Hill|Denver|CO|80207|39.75583|-104.91946|3.0|1.0|2.0|2.0|65.0|||200.0|50.0|30|1124|3 months ago|0|0|0
829|11507302|2019-03-28|Denver, CO, United States|West Highland|Denver|CO|80211|39.76124|-105.03158|2.0|1.0|1.0|1.0|75.0|||150.0|0.0|2|1125|3 days ago|17|38|38
4475|28805500|2019-12-22|Chicago, IL, United States|Near North Side|Chicago|IL|60611|41.89482|-87.62581|4.0|1.0|1.0|1.0|110.0||||100.0|30|1125|5 weeks ago|0|0|21
3750|19230286|2018-08-17|Chicago, IL, United States|Rogers Park|Chicago|IL|60626|42.0060404190955|-87.6606865397216|3.0|1.0|1.0|2.0|46.0|||0.0|75.0|1|1125|1 week ago|6|6|10
3938|26502662|2019-12-22|Chicago, IL, United States|Edgewater|Chicago|IL|60660|41.98978|-87.65602|6.0|1.0|1.0|3.0|100.0|||||1|1125|2 weeks ago|0|2|2
6495|29829861|2019-04-15|Chicago, IL, United States|West Town|Chicago|IL|60622|41.90064|-87.66587|6.0|2.0|2.0|3.0|999.0|||0.0|100.0|2|1125|today|12|23|50
