38/113 Variables

                            OLS Regression Results
==============================================================================
Dep. Variable:                      y   R-squared:                       0.623
Model:                            OLS   Adj. R-squared:                  0.621
Method:                 Least Squares   F-statistic:                     517.7
Date:                Wed, 15 Apr 2020   Prob (F-statistic):               0.00
Time:                        17:01:06   Log-Likelihood:                -2451.5
No. Observations:               11962   AIC:                             4981.
Df Residuals:                   11923   BIC:                             5269.
Df Model:                          38
Covariance Type:            nonrobust
==============================================================================
                 coef    std err          t      P>|t|      [0.025      0.975]
------------------------------------------------------------------------------
const          0.0884      0.008     11.444      0.000       0.073       0.103
x1             0.2278      0.007     33.534      0.000       0.215       0.241
x2            -0.2632      0.007    -39.061      0.000      -0.276      -0.250
x3             0.1906      0.009     22.011      0.000       0.174       0.208
x4             0.3498      0.011     31.403      0.000       0.328       0.372
x5             0.1936      0.011     17.545      0.000       0.172       0.215
x6             0.2987      0.013     22.196      0.000       0.272       0.325
x7             0.0667      0.014      4.630      0.000       0.038       0.095
x8            -0.2482      0.012    -20.176      0.000      -0.272      -0.224
x9            -0.1298      0.015     -8.654      0.000      -0.159      -0.100
x10           -0.2574      0.035     -7.385      0.000      -0.326      -0.189
x11           -0.2943      0.087     -3.371      0.001      -0.466      -0.123
x12           -0.1027      0.008    -12.138      0.000      -0.119      -0.086
x13            0.2599      0.087      2.986      0.003       0.089       0.431
x14           -0.1267      0.025     -5.080      0.000      -0.176      -0.078
x15           -0.2459      0.044     -5.572      0.000      -0.332      -0.159
x16            0.4519      0.028     16.217      0.000       0.397       0.507
x17            0.1783      0.047      3.818      0.000       0.087       0.270
x18           -0.0994      0.009    -11.463      0.000      -0.116      -0.082
x19           -0.1204      0.026     -4.612      0.000      -0.172      -0.069
x20            0.1372      0.034      4.042      0.000       0.071       0.204
x21           -0.1070      0.011     -9.747      0.000      -0.128      -0.085
x22           -0.2401      0.051     -4.750      0.000      -0.339      -0.141
x23            0.3484      0.045      7.759      0.000       0.260       0.436
x24           -0.3319      0.036     -9.326      0.000      -0.402      -0.262
x25            0.3495      0.068      5.176      0.000       0.217       0.482
x26           -0.0682      0.044     -1.561      0.119      -0.154       0.017
x27           -0.1597      0.060     -2.647      0.008      -0.278      -0.041
x28           -0.1513      0.017     -9.054      0.000      -0.184      -0.119
x29           -0.1028      0.063     -1.629      0.103      -0.226       0.021
x30           -0.3067      0.062     -4.934      0.000      -0.429      -0.185
x31           -0.1015      0.052     -1.968      0.049      -0.203      -0.000
x32            0.1161      0.033      3.503      0.000       0.051       0.181
x33           -0.1812      0.051     -3.530      0.000      -0.282      -0.081
x34           -0.0831      0.078     -1.067      0.286      -0.236       0.070
x35           -0.1320      0.025     -5.251      0.000      -0.181      -0.083
x36           -0.1180      0.029     -4.058      0.000      -0.175      -0.061
x37            0.2573      0.043      5.920      0.000       0.172       0.342
x38            0.4209      0.008     49.619      0.000       0.404       0.438
==============================================================================
Omnibus:                      724.957   Durbin-Watson:                   1.273
Prob(Omnibus):                  0.000   Jarque-Bera (JB):              927.875
Skew:                           0.579   Prob(JB):                    3.27e-202
Kurtosis:                       3.722   Cond. No.                         79.9
==============================================================================

MSE test
0.08871563730717362
MSE train
0.08821368323104811
