All Variables

                            OLS Regression Results
==============================================================================
Dep. Variable:                      y   R-squared:                       0.671
Model:                            OLS   Adj. R-squared:                  0.668
Method:                 Least Squares   F-statistic:                     213.6
Date:                Wed, 15 Apr 2020   Prob (F-statistic):               0.00
Time:                        16:49:44   Log-Likelihood:                -1636.3
No. Observations:               11962   AIC:                             3501.
Df Residuals:                   11848   BIC:                             4343.
Df Model:                         113
Covariance Type:            nonrobust
==============================================================================
                 coef    std err          t      P>|t|      [0.025      0.975]
------------------------------------------------------------------------------
const          0.0987      0.007     13.217      0.000       0.084       0.113
x1             0.2123      0.007     30.400      0.000       0.199       0.226
x2            -0.1634      0.008    -20.184      0.000      -0.179      -0.148
x3            -0.0547      0.011     -4.776      0.000      -0.077      -0.032
x4             0.2203      0.012     18.084      0.000       0.196       0.244
x5            -0.0592      0.015     -4.064      0.000      -0.088      -0.031
x6             0.0136      0.018      0.750      0.453      -0.022       0.049
x7             0.0363      0.015      2.491      0.013       0.008       0.065
x8            -0.0172      0.025     -0.698      0.485      -0.065       0.031
x9             0.0385      0.019      2.054      0.040       0.002       0.075
x10            0.2106      0.025      8.269      0.000       0.161       0.261
x11            0.0291      0.014      2.147      0.032       0.003       0.056
x12           -0.0619      0.010     -6.425      0.000      -0.081      -0.043
x13            0.0472      0.026      1.848      0.065      -0.003       0.097
x14            0.0910      0.024      3.871      0.000       0.045       0.137
x15            0.2115      0.011     19.590      0.000       0.190       0.233
x16           -0.0576      0.012     -4.899      0.000      -0.081      -0.035
x17           -0.0956      0.015     -6.459      0.000      -0.125      -0.067
x18            0.2620      0.014     18.699      0.000       0.235       0.289
x19            0.1286      0.017      7.681      0.000       0.096       0.161
x20           -0.0537      0.016     -3.439      0.001      -0.084      -0.023
x21           -0.0861      0.021     -4.103      0.000      -0.127      -0.045
x22           -0.1019      0.015     -7.019      0.000      -0.130      -0.073
x23           -0.0283      0.020     -1.380      0.167      -0.068       0.012
x24           -0.0463      0.014     -3.193      0.001      -0.075      -0.018
x25           -0.0965      0.007    -14.097      0.000      -0.110      -0.083
x26            0.0890      0.006     13.829      0.000       0.076       0.102
x27            0.0028      0.013      0.220      0.826      -0.022       0.028
x28           -0.0156      0.019     -0.839      0.401      -0.052       0.021
x29           -0.1291      0.028     -4.687      0.000      -0.183      -0.075
x30           -0.1845      0.035     -5.205      0.000      -0.254      -0.115
x31           -0.1892      0.093     -2.043      0.041      -0.371      -0.008
x32           -0.0759      0.009     -8.073      0.000      -0.094      -0.057
x33           -0.0251      0.007     -3.650      0.000      -0.039      -0.012
x34           -0.1229      0.009    -13.908      0.000      -0.140      -0.106
x35            0.1790      0.092      1.946      0.052      -0.001       0.359
x36           -0.1143      0.024     -4.729      0.000      -0.162      -0.067
x37            0.0178      0.029      0.617      0.538      -0.039       0.075
x38           -0.0756      0.028     -2.670      0.008      -0.131      -0.020
x39            0.0780      0.028      2.797      0.005       0.023       0.133
x40           -0.2265      0.045     -5.021      0.000      -0.315      -0.138
x41            0.0541      0.020      2.691      0.007       0.015       0.094
x42           -0.0218      0.008     -2.624      0.009      -0.038      -0.006
x43            0.0880      0.020      4.325      0.000       0.048       0.128
x44            0.3301      0.029     11.500      0.000       0.274       0.386
x45           -0.0825      0.056     -1.474      0.141      -0.192       0.027
x46           -0.0413      0.028     -1.478      0.139      -0.096       0.013
x47            0.0914      0.055      1.668      0.095      -0.016       0.199
x48            0.1168      0.013      8.811      0.000       0.091       0.143
x49           -0.0902      0.029     -3.081      0.002      -0.148      -0.033
x50            0.0442      0.102      0.433      0.665      -0.156       0.245
x51            0.0527      0.062      0.844      0.398      -0.070       0.175
x52            0.0377      0.019      1.938      0.053      -0.000       0.076
x53           -0.0149      0.035     -0.422      0.673      -0.084       0.054
x54            0.0988      0.015      6.441      0.000       0.069       0.129
x55           -0.0230      0.025     -0.930      0.352      -0.071       0.025
x56            0.0386      0.051      0.758      0.448      -0.061       0.138
x57           -0.0543      0.022     -2.513      0.012      -0.097      -0.012
x58            0.0592      0.009      6.432      0.000       0.041       0.077
x59           -0.0487      0.066     -0.735      0.462      -0.179       0.081
x60            0.1364      0.110      1.244      0.213      -0.078       0.351
x61           -0.1037      0.010    -10.540      0.000      -0.123      -0.084
x62           -0.0593      0.028     -2.115      0.034      -0.114      -0.004
x63           -0.0287      0.022     -1.299      0.194      -0.072       0.015
x64           -0.1076      0.026     -4.106      0.000      -0.159      -0.056
x65           -0.0784      0.057     -1.386      0.166      -0.189       0.032
x66           -0.0360      0.016     -2.209      0.027      -0.068      -0.004
x67            0.0029      0.034      0.086      0.932      -0.064       0.070
x68            0.1955      0.038      5.174      0.000       0.121       0.270
x69           -0.1358      0.013    -10.727      0.000      -0.161      -0.111
x70           -0.0929      0.023     -3.976      0.000      -0.139      -0.047
x71           -0.2456      0.082     -3.013      0.003      -0.405      -0.086
x72            0.2757      0.047      5.860      0.000       0.183       0.368
x73           -0.2407      0.044     -5.416      0.000      -0.328      -0.154
x74           -0.0673      0.055     -1.228      0.219      -0.175       0.040
x75            0.2392      0.084      2.861      0.004       0.075       0.403
x76           -0.0828      0.011     -7.396      0.000      -0.105      -0.061
x77           -0.1241      0.048     -2.583      0.010      -0.218      -0.030
x78            0.0206      0.018      1.153      0.249      -0.014       0.056
x79           -0.0030      0.012     -0.251      0.802      -0.026       0.020
x80           -0.1698      0.059     -2.878      0.004      -0.285      -0.054
x81           -0.1440      0.017     -8.562      0.000      -0.177      -0.111
x82            0.0428      0.078      0.550      0.582      -0.110       0.195
x83           -0.1646      0.062     -2.655      0.008      -0.286      -0.043
x84            0.0229      0.013      1.784      0.074      -0.002       0.048
x85           -0.2037      0.064     -3.170      0.002      -0.330      -0.078
x86            0.0074      0.019      0.387      0.699      -0.030       0.045
x87           -0.1054      0.052     -2.026      0.043      -0.207      -0.003
x88            0.0991      0.010      9.955      0.000       0.080       0.119
x89            0.2308      0.037      6.213      0.000       0.158       0.304
x90           -0.1572      0.050     -3.163      0.002      -0.255      -0.060
x91           -0.0496      0.038     -1.309      0.191      -0.124       0.025
x92            0.0372      0.040      0.924      0.356      -0.042       0.116
x93            0.0785      0.048      1.652      0.099      -0.015       0.172
x94           -0.2738      0.087     -3.144      0.002      -0.444      -0.103
x95           -0.0864      0.014     -6.359      0.000      -0.113      -0.060
x96           -0.0141      0.127     -0.111      0.911      -0.263       0.234
x97           -0.0142      0.013     -1.129      0.259      -0.039       0.010
x98           -0.1311      0.025     -5.341      0.000      -0.179      -0.083
x99           -0.0081      0.031     -0.260      0.795      -0.069       0.053
x100           0.0844      0.025      3.405      0.001       0.036       0.133
x101          -0.1030      0.030     -3.386      0.001      -0.163      -0.043
x102          -0.0610      0.034     -1.780      0.075      -0.128       0.006
x103           0.0261      0.036      0.720      0.472      -0.045       0.097
x104          -0.0069      0.009     -0.777      0.437      -0.024       0.010
x105           0.0320      0.023      1.390      0.164      -0.013       0.077
x106           0.2390      0.045      5.296      0.000       0.151       0.328
x107           0.0184      0.007      2.485      0.013       0.004       0.033
x108          -0.0111      0.007     -1.653      0.098      -0.024       0.002
x109          -0.0222      0.009     -2.361      0.018      -0.041      -0.004
x110          -0.0675      0.029     -2.290      0.022      -0.125      -0.010
x111           0.0538      0.034      1.571      0.116      -0.013       0.121
x112          -0.0257      0.019     -1.379      0.168      -0.062       0.011
x113           0.4412      0.010     44.207      0.000       0.422       0.461
==============================================================================
Omnibus:                      826.849   Durbin-Watson:                   1.373
Prob(Omnibus):                  0.000   Jarque-Bera (JB):             1241.823
Skew:                           0.570   Prob(JB):                    2.20e-270
Kurtosis:                       4.092   Cond. No.                         139.
==============================================================================

MSE test
0.07711521336659126
MSE train
0.07697302526056142
